n = 10
m = 60
sigma =
1000101111
1000100101
0010111100
0000101
010000
1110101100
11011
0101100
11110001
1000100
101000101
011100
11100
11011
0111101101
101110
00011011
0111100
1000111100
00111001
0010100111
00100101
10001
101110100
0010000011
110101101
110110001
1110001101
101011101
0100101
1000000110
00011
000001
110001
0110011
00111000
0000110
101010
0000011010
1100110110
1100001
01100
0100110001
11010
0010000000
010000
1001100101
000011
0100001110
10101011
00000
011010111
100110011
000011
0111111
1010110
11001101
10001
10010111
1010000100
