n = 10
m = 90
sigma =
0010100101
111011100
111010
00101
1011111
0010010
00011
0101010010
1000111
100111
010111100
100100
011011
00010110
0111010
10110100
111001
100100
00000
000011001
0010010
001000
01011
0001101000
00000010
00001010
0010101000
1110111000
01000
10101111
0110000101
1000001
1110111111
010001
0010111
1111100
01001010
001101
01101111
0111000
0011010010
110000
0000111
0000101101
111001
011000110
1010101010
0000011
010000010
10010
01000010
111000111
111011
110001
01101
11101010
10000010
10000111
0100100
00011
10000
100111110
100011011
0101010000
100110
00101001
0001010011
01000
0000011
00101101
0011100
10101010
011110111
01100
111110
10111001
00010000
10100000
000101
0011111
00110100
1010000011
1111110
0001011000
01010010
01110111
0001110001
0111110000
1101111
01010101
