n = 10
m = 80
sigma =
00001
01011
100111011
11110101
01001
100000100
11011
010111100
10001
1011111
0000111000
111111010
01000
000110
10011
1001011
00011
0101001
01101
011010011
01010
110111
01001
0011101
10111010
11111
10010010
0110100101
10101
101000
10111111
1100111100
0001111
11111
011100001
001001110
0101010100
011010
10000100
100100
0011100
01000100
00101101
11000100
11011
10111101
01110
101001101
0101010001
1101110101
00100
100000000
110001111
001111
00111110
110101
01000111
100011
0100010101
100000
101101011
01001001
11100
10100
10010
0000101010
1110100
000110
01111
10101
11100001
101110011
1100011001
010100010
110010100
011000011
101110000
000000
000111100
11010
