n = 10
m = 80
sigma =
0111101
1110101010
111100
011110111
110111001
1100101
11001
1111110
000010101
000111101
1110111
10000010
101010
10011110
00101011
110100101
01111010
111001111
0001100
11100
01000
0101001
110000000
1010101001
0110101
01111
00100
10111
000111011
1110001
111010
00110
01110
001000
10011
101110
011000
111000000
0010011011
100101
111101
110100
0010111000
011011111
1000111
0110000100
001011
11110
00111000
000100101
100100
11100
101110111
111100010
1100100
11011110
100110001
10001
1111001
1000111
1100110
0000100
101101100
1110011
001010
0011101111
011101110
011001
11001
11011110
000001
01010000
01010111
01100
10000101
1000100
0010010
101001
10100101
000111
