n = 10
m = 60
sigma =
0110000
01110100
01000
110100001
01001
11010000
0011011111
00011100
10111001
11001
110101100
00001000
11011111
11110
01111
010110100
0011010
011110001
1000111101
011010
10010001
00001110
111100
01011
011100
00011010
10011
000100110
11100
01110111
01101
010001
1101111111
00010
111001001
0011010
1100110
010101011
1101011010
110100
11111000
0001101011
00100011
1001001011
010001100
111011111
0110101011
110101011
0001101
00001
01010
00001
0110101100
1011000
000011
00010
1000010
0010100
0010000100
101000
