n = 10
m = 100
sigma =
001000
1110101
1101100
010101
111111
0001101010
1110011
00100
10000
101001011
01000
0011000101
010111
1010110011
10011
0010111010
00000
0111111110
00110101
01101001
00011
011001110
01100101
0111100010
10111
00101
0010000
010010001
100011100
110100101
011100
01001
0111110101
1000110011
100011
1110100011
1110011
1010011001
1001100001
11011001
0110010011
000110011
11010
111011100
0110000000
01011000
11100111
01000001
010111010
0101001
110011
01000
100010
0010111
111011
01001111
0001100101
1110011
001111
0110101011
01100011
11100
0101010
10001000
01000
0011101010
01101101
001100
101111000
1001110111
0010110111
11010100
011000
10110001
100101101
001110
001010
000100101
0111101
0100010010
101111001
01101001
100000100
01011
1000110000
11110
1000011
0001001110
010011110
0100000110
01011011
000110000
01100010
010111011
1010011111
10011
00111
100100
001110100
11110010
