n = 10
m = 100
sigma =
101101
011011010
00100000
01100100
101011010
111111011
00101101
0101000
0001000111
000101100
1001110101
0010100000
01011011
11110100
010011
100101
10110
001010
11110
0100100
01000
010100000
1001111110
10011
11101
11110111
1000000111
111001000
110001
11101001
11101
010000101
0101100100
1110100100
10010111
00011011
01100010
1001101
11011
1101101011
0011000
10100
011100
000111000
0100011001
0110110
1010001
10000000
111100001
111110
1011110010
11000
01010011
010001
0011000
0010101001
001101
0000010111
0010100101
100000
11011
010011011
011001010
11000
110010
010011110
111111100
01011010
10100
100101
0001000011
0000110010
01010011
0101010000
00101
0011101
11111
10101111
1101011011
1110001
11010001
000101000
01010
011010110
1101000
0010110
11111111
10011
0111100101
100110
0000111
101110011
0000101
110110
11010000
011011011
011110
1010100000
0111100110
00010
