n = 10
m = 90
sigma =
111101101
11010
1111001
01010110
100101000
0100100
0000111
1011001110
100001
11110011
01000101
11110000
0111000
100001101
100101110
0011010110
00000111
10010
110011001
01110010
010111
110101
1000011
10101
0010001010
0110000000
1011001011
0100111100
001100
10110
001000010
0111001110
1100110
1110011
100001101
1001101
00111001
111111011
00110
0000010
10101
100100011
1100010
010001100
001101011
100010100
1000100
11001
11110
01101
110000001
111001
01010
01010
111101
100010000
001010101
1100010100
1101010010
10101
110001
10101111
0101111
0100101100
001000
01111011
00011010
10001101
0101001
101011001
10010
1110000
110101010
100000
1011111010
1110011111
110101001
101011
000101
0010000
00001101
000111
1100001011
100011
111000
10110
1011111
0001000
000001011
1111101
