n = 10
m = 80
sigma =
110111100
11100101
011110101
1111110
00111111
00011111
10010001
111111010
0010001110
111111
010110
111000101
001000
011101
1010000111
01010
0001101011
0100011110
10110111
110011
0111101
01011010
101010011
01000101
11001001
1010001
001000
101011111
1111011
1111100011
1011000111
010000
101001
01100110
10111
0001100
110110
101101
11001000
100100
01001
0110111
1010111
101001
10100
10001010
0011111101
00110110
1000110000
00110101
110001010
10011
0000001
111000
1010011
01101011
0111111010
0101110101
1001011
1000111100
00101011
0001011
00110
010000
100000
01011
1010000
110110010
101101
000100
1100011
0011111
100110
011011001
010101
10100
100010
001100000
0111111010
1100000001
