n = 10
m = 90
sigma =
11010101
10001
00100
111110110
11001011
001000
011101011
101001
1111000
1001011
00110101
10101
10100
010010000
01101
101010
0110001
001111
01110
01001001
0010111
101100000
1010110101
0001000
1000101110
1110011
00101
1000101
000000
10110
0101001000
00111111
010111
101100
001011
01110
0010011011
0001010
1011010010
111010
0011111010
0011101100
01011110
100001
101001100
00110100
1101100
110000
110110110
1101111001
110010
001001011
1111110001
11011
011111101
1001100101
1010011
111101
11001
0101100101
000000010
10011
1100010111
10110
1100000101
11001110
111110011
110001101
00101
0011001001
0001010
011101110
00010
01101111
1001100110
1101001100
1000010110
0001010
1010101
10100
11101101
0101011000
01101
011111100
010011
11111110
1001000
0001011
10001
1100110011
