n = 10
m = 70
sigma =
10111
0011111
11110
1011100
111000111
11110
100000001
11001010
1000110001
10000001
0101100
01010
1101011001
11001101
11010000
01011
0011010
0010101
010110100
011100010
100110101
111100
0110111001
0101001
0100101110
10101010
01000
10001011
1000101110
00010
01100101
011001
0111110000
1111011
110100
100111
000101010
0010111011
0011000
101000010
0011110001
0101100
100101110
00110010
010110110
011110110
01101100
010000100
011110000
00111
00111
01101
010010110
001110001
000110101
00110
1110001
1111111
110011
11110
11011001
00110100
100101
1111000
0100010010
01101
0100000101
01001010
0000110110
10011
