n = 10
m = 100
sigma =
0100110111
11011
00110101
000111100
000011
101111010
01011
10011010
1001000
00101101
01110111
00100010
01101111
10011
01011
1100010
1101010011
1001010011
1010111
00110
11000
01110
11101
0111000101
11011110
01001000
1000110
1001001111
10010111
001110
0101001
0111001101
00000
100101
0100111000
000111010
1010100001
1010011001
0111011
010010
011010111
001000
0010010110
100001
010110
0010010
01110
11101000
00100
110111
10010
1010000
010010111
11110101
11001010
1011101101
1010001001
11011
100101110
00000011
111100
1101001
0000100
100101
111101000
111110
111010101
00011011
1001010110
1100100001
110100
1001110
010101100
0011111
111000011
1000001100
00001
11000000
111100
011001
10111101
1110011000
111101111
011001100
11010
000001
10111010
1111101111
11011011
0100011
101110100
0110111111
0010110100
10100111
1011001000
111001001
001011010
10010010
010011000
00110010
