n = 10
m = 70
sigma =
0010011100
10000100
11100000
00110
1100110100
1010111
001101
01000
01001110
1001011100
111001101
001001
10111
0100100
111000
01001010
00001
00111101
001101
1100011101
11111
10101100
10000100
0010001100
0101000
1011111110
000101100
101010001
010001011
0101111101
01011101
0100101111
100000
10110
11111111
1100011
010101001
11100
1010111
1110000
010001001
100001110
110111011
11111
111001
001110
11100
00101000
0110100001
11010
111001
101111100
011100
110101
0011001010
10100
00111
11100
0101110
001101000
001101001
10110100
111100
00111
11100
110011001
110001
01110
01100
011011
