n = 10
m = 70
sigma =
11101000
100001001
11001
00100
101101
110000
0110101011
10000000
101001111
1001010
010110
01000
111010101
001000
01111
10110111
00010010
11001
010110
01000001
101011
100010101
0011011
111010
0011101011
01011
101111001
001011011
00110
00101100
10000110
011011010
0001110110
0110101101
111010010
010110
0000011001
100010
1100110100
101011
100110110
1001010
010110
101010
11100
11111011
11001
000100
001001
01001010
010110
0101110
01001
001010
0000110010
0000010101
0001101000
001001
000010
011111
001101111
11001111
11100110
00000
0111000111
100000
11110111
00010100
1011000
0000110101
