n = 10
m = 60
sigma =
0010001000
0010010
11000010
100110111
001110001
1101001001
10111
1110100
11111
100000
000001
1011110100
000000
110000
0011001101
000100011
01110111
01010
10100111
00001
0111101
00101000
1100110
11010
000001
1101000000
11100101
100101
101001
010100100
111001111
110101
111000
01101
011000110
10110101
00101010
0000000
000001
011011101
101001
00100100
01000
0100001
0110000001
0110101
00011
000001101
000000
10111011
11101111
010110
1100000101
10100
0000000101
11100101
101100010
01100
0001101110
0101011
