n = 15
m = 60
sigma =
00101010
010010111011101
1111000001
1011011011010
01111011
00010100
0111011111000
00011101
100010010
00011100000000
1010111110100
110010111000001
101100100010000
00010111110
11100001011000
0110101011
11010000101010
01010010
0110110100000
101011110100
11001101
10000101111
01100111101
000001010
1001000011
110000010111010
0010101011011
1010010001101
010111111011101
11000010
101110001000010
0111010110
010001001010011
00111111011
011100001000
000001010011011
10101010001010
100011110
0111111110100
0100001101
100111111101
00111000101
11111100110
111011111010000
100001010011111
101100011101
101101011100011
0010000010001
100000100
101101111
10110111100
1010001001110
0000100001
000111100101010
111111001
0110111111
01001011011
110010001
011110010000
11110010100111
