n = 15
m = 70
sigma =
110011010011
011101110101101
1000010101100
1001000101110
11100011101110
000110111001
11111001010010
00000110101
101010011111
0001110101
1100111001
001110001100100
011000111110111
10111000
01101001000001
00100110000
01101101011
00110011
00000001
00111101010110
101011011111000
10101101011110
001100010000
00010100011001
100001010110101
10000000000
11101111110
01111100010
111110011
1011101000111
1001110011100
111110101010
1010001000110
110101100
100000111
001111011100111
010001011
101011111011110
10101101
11001100
11011100
01101001001001
011001100
01000101
00000100
1011011010110
010111011
100000110100101
110100000110
111001111
1110101011100
01111010111111
10100010000000
1100010010010
00011011111010
01101111111110
01001001
000001101
110011010
11001010
10100110
1111010110
1101111001010
101001011
11111111110010
00111111111
1001010010
011010000
101000001000
1001010000111
