n = 15
m = 90
sigma =
01010010010010
01000100101011
10111011
1101110001100
00010101
001001111011
01100100
01001010100010
1111011111
0101111000
1100101011
1011000110
1000101111100
000011101000
100101100011000
11111001111111
1011001111001
00001000010
001101000110
0001111010
001000100001
010000100001011
101101101001011
00101001
1110011001
10001100101
11011010
001010110110
10011101
11001111011
01100100100010
1010101000110
0001010000
111100010101
111100110011
01001101001111
00100010000111
011100110110
1010001101
11000010111111
110110110000100
00010011111
10011100
010111011
000101010
1001000101
110100001
0011111000000
10100011100
0001100011011
101000101100111
01010100
100001101000
0010111000010
1010010011001
11010010100
00110100110
111000111101
111100011111
1101100111111
1001011100
1010100111101
1101000111111
110010111001101
00010001
10111100111
101100000000001
100000101
110011000110001
11110011010
10111010110
01101100010
0101110110110
01011101
0001110010
1010110000
0011010011011
100001001001100
111110111100
0101000010100
011110110000
1100011001
100011111000
10010111001
1101011000010
00101101111111
00111100
00010111010001
10101010111101
110111001
