n = 15
m = 90
sigma =
100101010
01011101
10001000
110110000100010
110010000001
101100011011
01011101100001
101010101
101001101010111
01011001100011
0110110010101
01110100
011101001
1111011010
01001100011
1110001011110
1110110011
100101001
11011000
010011000110
01001001100
10111010100111
10000011111110
101101011100
100011100011
100010100000
0111101101010
010111101001101
1100000101
000110100111
001111001101
011011010
110101111111
0000001000
10101010011111
00001000010110
0111000110110
101001000
00001101
000100010000101
011011110011
01000010011101
011100000011
10010000101
0110100001010
00001100
01001010010
110000001
111001101
1011111001100
100111001100
1111100000
000110111000110
1100011100
10000111100100
101011010010
10101011110
11100000
01000001000
00101000
11011100111
11000101000001
111011111
10101111
11111111011
10010011000
11101100010
000111111101
11001111000
10001001101000
001101010
01100010
10010101111
00011001101
110010101100001
11010001010101
100010011011
000100000010
11110001
10000101000
100010010001
0100000111111
0101011110
111000001011
10101011
110100100110001
000100111100
1010101000001
011100011000001
1100110100010
