n = 15
m = 100
sigma =
000011010
01010010101000
010110000100
101000000011101
01011110
100001001010
00111111100100
100111111111100
11110111100
1000101110
100000111101
011100100100
10000110100011
000010011111
101111011
001100010101
000101000
0100001101
111010110100
010101011
00110101
01011110100
111001110110
101000111101
011001111110010
10010010100101
111010100010
01010011111010
01010111011110
01010000010000
11111100000011
01011001101
100110000010001
010100110101011
001001101010000
10000110000001
100000100001000
0011100100101
101111110
00111000
11111101
011001010011011
11101000
0001001110010
000010110011
1011101000001
000100100
011011111001010
0100110000011
001011100
1011011010000
111000110010
011001100
00010011
11011010011
0010000101100
100001001
111111100
01111011
10011101
00111101001
11110111
00001100
1010010001
01001111010001
101100001
1011001101101
010000100101
100100000011110
0001010000101
010110000110100
111100110110111
0101011000
11000011010110
11100001001
10111111
00100110000100
10100110
101110111100
1010111000101
101110001110
001101001001
111000011
01001010
1000111110101
00101001111
11111100
00110100110100
10110100011
110000100110
00101011110010
0101101001111
001110000
00001110110100
10000110
11001100
00001011100111
111111001010
00111101
0101101101001
