n = 15
m = 100
sigma =
101011010
0000111011
100000110010011
10110110010
000100010101001
000111111010001
11011101000011
1101110110010
1010111011
01010111011010
0110011000
10011100
01111100011001
010011100101100
101111110
100101001
10110111
001001001100100
00010000
00011001
10011110111
11111000110
11110001011
11010111
11111100
001110001000110
010011101
0010101111101
1000000101
111000101100000
000100100
00001110001
1100100101110
01000111110
001100000111
00010101001
100111110
10110101
110010010
01000101
001010100000
01000001011111
10001110
1101001000
00100110111
000000110
11010000
1100100010
000011110
110011111
110101001100
00010110
00111100110
01000101010010
1001000111
111100010
100011100000
11011000011010
100101101000110
0000010111
1100000101
011110101110111
10001111110
11110011
0100111110001
111011001001
10100111101011
11111111100
0011110001111
1000010110
10011010
00111001000
10111100111010
110011100111
01101101100
1101101010
0110000101111
1101001001
00011101010
00000110010
11100000101100
01000011000
1001101111000
00001111110
000010101111
10001011001010
000100011101
1100011100
101111011
00100011010111
111000100
10001111
0010010100010
00001110
001110000
0011001011110
10100010
000111010
000010010
101111001101011
