n = 15
m = 70
sigma =
111011000001
11000010
10011011100
11010000
100010110110
01011010100
000110110010110
0000110101
10000010101101
011011010
010010100001
00011000
0111100101000
011001100
0101010011
101000010010
1010111111110
11010100
1100110110101
11100011101110
111001110001000
01110111
110111100
00011101111
111001100101
000101010101
00000100111
00001111000
10111000111
111110001111
011100000110010
011111101101
00011110011001
00111011
00010110000
010110100000
1111100010
0001100010001
111011111010
01111101101
0011111010110
10011101110000
101001100101
11011100
011011110101000
011100010001
0101000000111
101000110
010011111000001
000011111110001
000101001
011110100000001
1011110110
00010001111101
010110011100
00101000001100
10000100010
111010101000100
10000111000001
110111101111110
0000010100
11001010110101
1010001100001
0110100111
111001001111
11100110000
0100010010011
100001011
11010011100
101111000
