n = 15
m = 70
sigma =
1000100011111
00010010100
1111011111
110100100000
101101110010
01001010
0110010011000
000110000101
101110010
110100010
101101000000000
010000111001
11001101011100
100010000
0101110000
001111111000
111000111110
10110100001100
101010001100
1101110110001
0101000001101
1000011111110
110111100010
111111001100
000111010101
11001011010010
110100001
10000011
0100100100100
1001000110
001000110
101101110011100
10010101
0001111011
1001001100010
110010000
1110100101
11110100001010
11010100100111
11011100111
111101011011011
100110101
000111111101111
1001110011110
110010100111011
00111101010010
01000101101101
001101011110010
011011111001
0000001110110
110010101100111
1111101110110
0001011010101
1001011111
0111111100
10100010010
1111111111
10000001
00010011111
001001100111
1110011010
10100011101
01011010101101
10101011
01100100010001
10010100011000
10101011101
011100011100111
100010001
00110111000
