n = 15
m = 60
sigma =
00000011111100
110101110000
00101101101110
1010011001111
100000101001
00111100100
110110011
111010011010
01100101
011101001100
0100100100110
010010111
110101001011111
111111000
1111101100
01111000101
00100010010011
00100110100
10100001000
1110110110101
000001100
001010000011011
101001111
101110011100
010110100101
010101000011
11110110111
011111101110
1110100110111
0010001101111
100111001011
01110110000
101100110
0101000000
00010001110
01010010000
10010100110110
0111101010
10001010
1011001001111
1100101010
11111011100
1101001001
100110101
011010111110
1101010000010
110001110101011
1110100100
001100011
01101100010110
000111011100000
01011010
10010000001
010011111000001
10010111101110
110111000111111
10011100
111010001101
11011100111101
1110000001100
