n = 15
m = 100
sigma =
11011001110010
111100001
101001010011
000011000000
01100001001111
1010000010001
100110000011101
01011110010
1001110110011
11100110
100010010100111
1010100110
1111110001
011010101100
011100000110
1011111101101
10001000
11001001100001
11011110010
110011000
11100101001
1101000100
00111011
0000000111011
010011111100
01011001
10000111011
11010111111101
110100011101
100000000001
111111110
00000010111
00110001
1101101101
010000100
1011001110
000000101011101
01100100001
100100001100110
110000110010110
1100001111
111111000101
000001111101001
0111011101
000110010100
11001010110
1101110000011
110110111
010110001
01000101011
100000011
00001101110
001101011100100
11110000
0100101110
01001110010
0111010100
00111111
0100001110001
0101110110101
111010111110
10110110001011
111110111110100
11010000001100
01000001
10011000
1001110011
10011100001
0000000001
010000010010
011110010110
00100111000100
1010010101001
0110111111
111101100010000
01010110
11111001011000
11100110
101001011101
1101111010
1101010111
00010000010
0010111001010
100000111011
00101010110
0111000100100
01000101
1110001001100
00000100011
111000101
0010100111000
10100011011100
00011000
1101010110110
0001000101000
00010110000
1110101100
101011101111
10010000110
11010110011110
