n = 15
m = 80
sigma =
101100111
1111001010100
0110101011101
100100011101
000000111111
01101100001110
1010000001000
0111101011
011011000
0101111001
110000000100
110111110000011
1100010100
001100010011
10111010100
11011101111111
110111100
0011111100110
01111011111
011110101
001010001
001010001110110
11101111
1011001011000
101011111111010
010010000000
100101001
11000011101100
0100110111
110101001100000
01010111
00010101101
01100011000110
111101000001111
100001111011
10100100010
1111110011110
0110010011
11110010011010
00110110100
001111100010101
100010100011
001110101
001110110111
11100011
11110000110
0110101100100
01100111
010111001010
01111000111
001111111001010
00000100111111
00000011001001
00011000101
010001011100101
11110111110000
11100001
110000011010
1011000000101
0010101111
10111100000
100111000110100
100011011101
01000100
1101100000111
110011000
1000101101011
0001100101
0010111010
011100111
100101111101
1100011111
000010011010
1101100001
1111111100
100000111010010
10010110100
110011101001
11010011011
01011000101101
