n = 15
m = 60
sigma =
101101111
11110101111010
101011101
1001011101
10011011000000
100111110
001001011
001000110110101
01011110010
010001110
010100000100111
111101000111
010100001110110
10001100001010
11111011110111
1010000101100
1111101101100
00000101
11110000
001010110100
1000101110110
0100000000001
010100001011
11001110
01000001100
0001011111101
1010101001
001010010
10001000
1110101001011
1010011111100
01011000001
00111010101
010111011111
001011101100
1001001010
0001100000010
0001001010
01101110110111
011100101
101100011
10100110
1010110000010
01100110010
11110000
00010101
0011100011110
11000100000
010110110
000100100100
11011011000
011001100110
000000000
0001011010001
1101100010
11000111010
10100011000010
001010101101
0111001010010
1101100001101
