n = 15
m = 90
sigma =
1010100110
001100001
11101101010
00100111100
00010111100
100101001110101
10011011001101
111111100
00010100
00011001011011
0101101101001
0110010100100
0000100010
101110101110
00101111011
110110101000000
000000101111
01000010000
0000011000
10101100011111
1100110100
101010010100000
100000010101
00110100010111
101000111000
01100100
11111110011001
011111111001010
10111101100111
1000001100000
01010011011011
11110011001
11001101100000
1101101100001
00011111000101
11100101
01010000100
01000100001
000011001100
01000000
111100111110
0101010010010
1001101100
10111001111
11000111
00001011111101
011011111
0010110011
01100101
0100010100
00110101
011010100011100
1110000110100
00010000001011
1101011110
01101010
111000000000
01111010011011
10011011010
10001100
101010111
100100100001
1100010101
001001011100111
110110101
00111000000000
11101111001011
10111111001110
01011110111
100101111110
011010110
001101000001
00110101101
11110010000
010110000011
0100010110000
011111111
01111000
10101101110101
11000100010
00101100
01011000
111111110
00001010111
101011100000
110100100001
001100000
100110100111
00010111
001101011011
