n = 15
m = 80
sigma =
11100001010111
001000000
10101011111
100000010100110
0100101001111
0010110111
00000001100000
011100101110001
100111011101100
00011010001
00110100000010
011110110
01010010
0000011110000
10111101000
0010011001
10110110101100
11011100
0101001000
110101110
111100110011
01110100
1111111110
10111000
011111110
011011000100
0110011001
100010111100
1101110001001
1111110101111
000100011
10100110010100
0100010010101
10010110
01111111
0111101010011
10110011100
11000001
10011000
00111001111
010011100100
1000001000
000111001011
100110001010000
11001010110001
0001010100100
00111100001
111011000100010
10100110111010
001001001
001111000001101
110101010110101
100010111100
0001010010111
000001111010
0010001101001
0101000110
10010110100
001101101
10000001111
100000100111110
1010011001
01001111010
1101000000
0010011001
00110010111100
0111111110110
000001011101
01000011
101100110111
11110000110000
010000000001
10000011110001
10111001
010100110100
10101100
10110100111101
000100101111110
10100010011
111001011
