n = 15
m = 80
sigma =
000111100001
110110111011
010101110
11001000
11101011101
10000111110
00010011
110101001
01010100001
0110111001
100001000100001
001101111100011
1101001110
00100111101
00011000
110101001
100101100100
101010100
0110001110
00010011
1000001000
110000001
11111011011101
11100101111001
000001011011101
11011111101
00110001
0001000110011
01111111010
010010010111011
0011110011
011110110111101
00111001001011
10100110101100
00101111101
00010010
010000001001101
010000110101001
100110100
01101101100
1101101010
1110111010110
100100011001
101000110
10101111011110
01000100010010
10111100110
010110101110010
010100000100101
01101110110
110011001110
0111010100111
001010100101111
100111001111010
000011111110
10110011010001
11011110110
101001110010111
000111111101
1110111111000
0100110100
000000111
00010111111001
1110000010101
1100000101011
111110000100101
0011100100
0001001110
01011011001111
101001011010101
1000101001011
01010110110101
0000110010000
100101101111
1100001100010
00101011111111
1000001101
000100100011110
0101101010010
11000001
