n = 20
m = 70
sigma =
1010000100011011
0111111011100
0011011110010110
101101110101000
10000100111
11001101000110000001
10011011001011010110
11100101101101
11001100010
1000011010
101101000001010
110000101000011
010111110111111001
01000010101000
00111101100100010
00000010110100000110
111110110000011010
1001000011011
10100101110110110111
0000011010
1111000111011110000
101101101110
101111100100101
00111001111101110
1000001100110
011110001110001
1100101110111
00111111111000001
1101001011101100011
10000100110110000
0010101111111
111100000110001
110110100100
10111001111001
11100001110101000010
0010100011000010
11011111110001010111
1101001000111011
1111100111001100
11001110110110
01110010101001000
0001001101
10101011011
10101111101
111111010110001000
011010010011010
00001000111
1100000101
100011101000
0110011000001100
001000101010100
11000111011000
100001011010001
10110011110101
00100010101
0011001110100000110
01111011010
111000000000000100
1111001000011001101
111110010111110
0001110100100101111
000011011100100
0001111010110
010001000001
10100010001111100010
110110001010010110
1000000000111110110
00110101001101000000
00110010000000
100000001111110
