n = 20
m = 80
sigma =
00010011001000
001100111000010
1111111010
1001011110010010
1001011011011011
1000011001010110000
01100100100
0110110011
1101000100111001
10011101000
11000110111011101
10001111000101
1101000110110111010
011111101001
11101010110001000
011111110100100001
10111101110001100101
000000111011
0001011100
1000000111011
11011000010000100
100111111000
1100111101
011111011010000111
1110101110010
01000100111110101
001010100000100
10000100100
1111100100
111110110001110100
10011011010000
001011010100111100
0100001101011000101
100011011100
000001111100000
0010001101
0000100110001111111
00101010111110010
10001100001
111000011000001
11001110011101
11000010010
10011111011111
01011100001010000
10111101110
00101000010111011000
01100101101010001
00111001010101000110
11000001000111
101110111100011
11011000000101010
1110101100
011111010101
01101101101
10010011001001111000
011010000110011
01000110100
0101010111
1100000010010
00101110111
101010100101101
111100100111011110
000100101111
000011000000111101
10100101111000101011
011000011101
100101001100000101
10001110001
0101100001111
001010111110111
1010010111110010
111010010101111
100000010010011100
11101111010
0010011000000101100
11101001100
0001011100000
01111101100001000
011101011101100
00010111011011100110
