n = 20
m = 70
sigma =
100010010000010101
01000110111
1111011110110001011
110010111101
1011010100
001111000111
11111101101
1111101111111100
01111111001
1101110101010001
11100001101000011
01100001111010
1100001111110110101
001111001011111001
10011110011001
11000010101001110101
101010000001100111
0010111100100
110001011010
10100100000
1111001010101
00001100101000
00101100101100101001
1011000011111111111
0101011000
1011010110
1111011101110011
10111011001010
0011010100101010
1101111000
0110011101010101
0001110000
0010110111
000110101010
011011110010
10000111010001011
0001110101011
010010101111
00010010111100011
11100011000
01110110100101101010
110111110001110011
1110110011110
11010101100011
100010101111001000
10101110110
01010000110
000001001000011
100001001101
10010001110111
01111111100110000000
1101001101111110101
010011110111
010101010100000
0100000010111100101
000110110001001011
01101010001111011
111110011100
1111001101
010011110001
011100001010011111
1000101101
0110111111111
11110111101
1010110000111110
100111001100
111001001000
110010110111011
110110111010101
001110011010
