n = 20
m = 70
sigma =
11001101001011100
11000101110
101111011101110
011010011101100000
100001110101111111
101100001111
110011110111110
0110110100001101
1110010001
001001100100110
10101001010000011
101100110110110
110111101011
11010100011111001111
010101101101011
100100101110110
11110010101110
01000111100
0010001110
0101000001
000110000100
100000000011111
111000010101
01010100011
000110110000111
0000000010
00001011001001100
100100110110011
011010100100
0101111001
10001010011001
0010000110111101
111101010101101011
001010110111
100011010001001
10000011110010001
1011111111
00101001000111100
11111001110
11110001000110101
000011010100001
1100001000101000010
10111000001
0011110011
0000010100001010111
1100010010011111
10100010110001110100
00001100000000011
00111100001101010100
1010111110
11100001001
100010111010111001
10111010000011111
01101110001100111110
1010100000001011
111000001011000001
0010001100110100101
0011111101000000
0110010111001110100
1101001110
0001111110000000010
0001100111000
110010011000101
11011101011101000
00010110000100
0001010110000101100
0010000010101001101
10010000010
11101011011101100
110010111000111001
