n = 20
m = 60
sigma =
01111110011011
01101010101000
1110011010111
111110001111011
10100000011
0101111011
0001000011
0110000000011010110
011100010101
0010010010010010
110111101100
11011110111100111
11000111100111
00010110100100111000
111111000110
101010001100010
11000100110011
1101000011100
11100010000010
100100110110110
1100011000000100
1011111001110111100
0010001100
111111101111
100111011010101
1010011111
01110000010000100
1010010101
000110110011010110
1000100101110000
001101001111
01110001000100
011001001011111
0001000011001010010
101001010110000
100110000101110
100011100101
101110111101011
010001100100
1001010000
10010110110001
11101011001111
11010110010000
111001001101
00010110111010110
10001100100001110101
000001000100101
11100100111100
0011100001110000001
000011010010001
010110101111100110
11001010101101011011
010001111110
1001100111111010
0001100010100101
001011110111010
00001101011010100
111001011111101
001000101010111001
001101010110110100
