n = 20
m = 100
sigma =
000101011100
0110000011100
1110110001111000000
1010000001011
11110001100000
01001000111111
11011111010
1010000111110011
110101100001
010110001110010
01011010110
11010110010111
01111001100010111111
1111001001100
1011011101001
10001011000111010001
0110000111111000
011100001111011010
001110110101
01101110001011
000110010001
10111010001101110
001110101001001
110100000101
1000011110000111101
000101001010
0100110101010
10011010001000010
01000001001101110
01000111100
11000001101
01011111111
0100111011
001111011001101010
100100010000010
110010011011011110
1110010110010101101
11111101111010
000100100110
111000100111111101
1100100010
11111000000101011
0110110100111111
011100100010001
00110010001000001010
0000111101010
0000110000011000111
011101000110111
110011000101000000
010110100101000000
0011010011010011001
00000111000100
1101111011011
0111010000
110010111011
000000111010
0111100100
00001001100
010001101100010
1011111101
100111100000010001
01100001101
0110111100111001
00000100100101000001
11110101100111001
001001011110000
0010100111010001110
0000001111101
01111001011010
0111111101011101100
000100001000001110
111001101110010010
0110101001000111010
1101000000
1110001010001011
110101011100101
1100110001000011
10000001011011
0100010111110110001
11000111101101111
0000110100000011
0000111111
11111000001
111110101111011010
111111110110
110111111010
1100010011100011000
1101001100101100
1000111111010
011010110110101
01001100100101
0110001010
01001111100110111001
00100101000100
011000110001010111
001100010011000110
11010110011010
1000001101110100
00011001000
1101001111011111
