n = 20
m = 90
sigma =
10111111111111
11010000001101000111
110100111101
1010111000100100
001001101101
100011101001111000
010101101100111
100000001001
101111100001110
10111001100101001
100110101100
01101100001000000101
101111001001
1011001110
1110010110001010
101001000111
1010110000110110101
0100100101111011101
11100001100110
0100101110011101
1101101011011001011
1001110010100111110
0111001110000
11100010011111111101
0000011011000101
1000100011101
0010110000010
110001101111
0001000000
1110110110
1101000101000110
10000101110110001011
0001111000
00110000000110110100
011110111101
11100101101
101000000001110
1011110010000110
0011001110001100
011110110001010
0110110011110100
01111010101111
10110110001101101
000110100111
1111110010100001101
00001001100
011100010001110
010000001111
110111010100010110
101001001000011010
00011100100
10010100110
101110011001100001
1101100011000111010
11010000101101
111100111001111
010011110110010001
10110010110011
01110101111110
0000001011010110011
1110111010011001
001111011001000
1001100110000
0110100011010110110
1000010111
101010010101100
0110011000001
01101100011111
01111101100000110110
01100001000011100
100111100110110000
011000111101111
110110111000101
011001011010
1101110000110011
11110101100011010
01100010000100
0010000001101
011110001100100
10111011111
01010000100110
00111000110000110
00111010101101
010000110010
11101001101110100
1000111100110101000
110101100011110
0010110111000
10100011100100110
11101010001111
