n = 20
m = 90
sigma =
1000110100
01000101001010
11000011111110
00101010101
1110001100101110001
101111000100100001
11000111101011
01101111010111
000100001010010011
110011110100111
11101010101111110111
0111000100111111011
1110010010111011
101001000010
01111011111110
1011011000
01100100101001010011
0100101100001110
101001110001010
001000111000101000
101100011101001100
0100110100
10011111111010
0001110001101101000
001110100100111010
1000000100000
0110000001
110000010011111101
10011100011111001001
1001011111
10101100000010
00011011000010
01011100000011101101
0010101110111000001
000001000010
00010001101110
11001000110
11001100100
000110000010
0110111010101110
1001100011001001
11110001100011000100
1110101100100110101
01111010011011000001
0010001000001
10101100001010001
1101000111011011
00101000001111110010
0011101000010
1010001011001
0000110000000
100011101111000000
0010001111101100110
0010010001
01110010000011011
100110000101010100
10101010110
1100001101
010110111100011100
1111110011010
100110001011110
0000000111100
010110000101110100
1011001110101
0001101010111010
001010110000100
001001001111001001
00000110110
1110100100100010011
0000000101101000
001001000001111
110000100000100
1110010010
0001000000101001010
00000101000011000
0110011100110
01101110101
011010100100000
0111000010100100
111101011101100001
101111110011111
110010011110
01100110111001100000
0100111010000
10100100110
011001111111
1111100010
01101100001000111001
0000110101
1110010110011001101
