n = 20
m = 90
sigma =
100111100010000000
10001100011000111111
100110100111001
1101000100
0011101011000100
1101111110
0000100010011010
0011000110000010010
00110000010110100000
01110001100
00001110011011110001
11111100100100000010
000011010100001111
11000100011011111000
100100011010110
011111000110111000
0100010001000000111
1111111000
0111010010001111011
0011010110010110
00011110011111000
011001011001010001
0011011011011101111
110100001000
11011101110
11011101011100101001
10110101010100
1000001010000
100011101000
0110010101001
110101100111
101110011000100001
00101011000
110011010111001010
1100000111
111011100111
10111011001100001
000011000011111
0000011010100011
10010010001101101
000111010101111101
1001010001111010000
0000011101111
0110001101101110
01001111000000100
01101010000111101000
1000111011
100000111110110
00100010000100010101
000000111000
11110110100
11110101001
0111111010110111
101111110111100100
110000001011
11111111110
1000001011
001011011010
00100100000
01001100111010101
000010111010101
01010011101000
11001110110001
1110000010101
10101101111111
0001001110101011000
001000101010101101
101110100101100
101100100011010110
001000101001100000
1011010000011
1110011001011100
1011001110111110000
11000110110
10110011101
01000111100
010100100111100010
011011011001
01001100000
111110001010110
1000111110001
01000111111010110010
000001011110
110011000101001001
010010001111010
00011111100100001
110010110000110110
010100111100
10101100010011101
0010100001
