n = 20
m = 60
sigma =
0000000010000
0111000110010
10011010111101000
0111000011
11110100111000011
10110101011011
00100110001011000100
00000010101001110010
11101011001011011
1010011011100010
111011111111111
011000010100001001
010001000011
0011010001
11101110011100
11100010101000
1111111110
0010110110011
011000010101011
11010011111011
0101111111101100
00010111100011010
1001010000000
0111010010011011001
0111101001100
00001000110011
1010011110111000
11011010011100111010
001100110000100110
01100110101101
11101010100101
100111111010101
0000110100
1110100011111110
1000000001111
00111100111011
010010000010
1011001111001
10110010000111000001
1011111011011
010011101110111
10100110100011010101
11000101011001000
100000001101100010
1111100000010
010001000001
110011001100011101
11000001010010100000
110111110101
01111111000001001
00010111010110
01001100110010100100
001000000011110
1011011011000111
1100011101011
00000000111011010
111010000110001
1010110000101101
11001100100
1010001110111000011
