n = 20
m = 60
sigma =
1011001111111
01000010110010100
0110100111001101110
0100101101111110010
0000101000110000
01111110000111
01000010000011101
11100110001101
1101011101110
011001110101101
000000010001010
011111110101010001
0101100100
10100110010100001
1100101011001
0111000100010011000
100111011000
01100100010101
000000110000110
10010101010101001
000101101110100
1110101001
00101001100100001000
100110001001
01110100100100100100
10010100100
011011100011
101100101011101
101110101000000010
00110101111101
00000111111
011110010110101
11000010011000
0011000011000
000101110111
00011101111111110011
10000001011011
1101011111101001011
110000101001
00101101001101111000
0101001011100
0111000001110
0011111100110
00110001010110
100101101010
1101001011000001010
00010100000111101001
000010101111011101
001000110010111001
10100101111111010010
11100101001111011011
01110011110111110101
11001101001110000111
1111010000
1111100111100001111
11100001000
111110101101111
11111010000111011110
010111100001000
101010100010111
