n = 20
m = 100
sigma =
001010100000110
11001111010111100101
0111101110010
01111010000111
1000000100101110
001111011110
010111101111010100
0000100010111111
111110110000000010
11011100110111101010
0001100100
1010001000101
0110101111
00000011101111110
00001100101001001
01011001010111110
0101011010100
11011010100100110001
0100010110010010010
111100011111100
1000111110000010
101000111100
1010000110000010111
10000011100101
0111010010
00011101010011111
1100001010010111
01110000010111010011
10101110100100
1011101001110100110
0000101001101010110
0100011111101100
11001001101100
110000100010
1111101011000011
0000111001
1000110010000010
000011001010011
1001001000010
00100101110001101
01110111110101111010
11111111110010
111100111111101110
0010111001
110101101111011001
101010111101100
010001000010101010
1111001111101111
0001010111
110110100011
10011010110
00111100111001010
10011100100
0011010000000
11011001011110
11000100000010100
01101101101000001101
001000111001010
00111101111100100
0110100111
10110010110
0010110010
00101101001
101100000100110111
100000000110000110
00001111110000101
111001100101111
1001101000
0000100110000001
00111000001110110
111001111010011001
00101101011
0101000100100010
101110101110000
0001010101000000
10011110111100
01101100100010001
01100100011100010
101101000010110101
00110000000101101
00010001010101
01110110110
1110111010
01111001101
00010100100111100
100001111000111011
1010001011110011000
110111010101
1111111110
0100101000001010
101111010010
1100001110000101101
11011000110011101
10000010111
0000010111001
100100011111
100000101000010
0111101010111
0010001001000
10010011111110100
