n = 20
m = 80
sigma =
0011001000
0110101100
01001101111100
01010000011
1101110000010101
0001110011101101011
01001111011100100101
001110001011000000
1000001001
010000110010
0111000110000001
111001110111111
00101111110111
10101000001001
11000100000010
0001100100010101111
1001110111001
11011100101100
001100010110
01101010000100110011
0111001000101011101
101101101111100
01101111101001110
1011110001101100
10011110001101110
11100010110011110
111111010011000111
1110100010100
111100101001000
00011101000011001001
0010010100010111
011101010000110
001011110010101010
000000101011101
000110010110
011011000100001001
011011111110
0100011011
111110001111001101
01000001110101
0001101110
01111010010000011011
011010011000
01000011110
1000001001110111
00001101011000101
011101111011001010
0000011001010011111
101010010000
10011010011
1101100101
11111011001
0010010101000000
1101100101001100100
011000110110011011
0101101010010010111
001110101101010001
01011111011
001000001111
01001111111001010
0111101101
010101000100000
1000101111100000
100011011010110
11011110000100100111
1101111111100111
10000000110101
00100001000010000101
0010000010100110011
001001011110111
10010001011
0111010010101
0010101111
011100111110
001000000110
0101100110100000
011010100011001000
1000111101000111
01101011011110
00001101001111011
