n = 20
m = 80
sigma =
001111001000
0011110101011100
01000110100
010101101111110
010101001011
0100001100100010001
110101101001110
10000100010000001000
00000100110101000001
011101110001
0110100100011000
010010110110
110110000101101001
00111011101000111
0010010111
01110100110
010010001000001101
1110101010011011110
00101111101000000
10010110100100
1110001101010
1111000100
1111101001
00011000101101001
010100001011011100
1001000111001000
0100110011111
010000000100111111
0001111101100000000
101111001101101
11001000110011
10110110000000001011
0000000000110010011
111100101010110100
100010100001101011
11011111000101110000
10010100100
10100101001000000
1000111111
0110000100100
000000000001111
11010101110000
1101011100010100110
01010001101111110
110101000000100
11110001100
110000101111100
0111001000000
110111101101110100
000010111110
011100001100100
11101011001
11111111100
11011110111
0101000000110010
010100000100111
00111001110101010111
1101010001
001010010000101
000100001000111
011110011101100
111101001000
100111000001101
1010110111101000
11011001100010010
11110111000000
010010101101011111
1000001011
111101100111
1011110111010
1110010001011
10110111001100
00011100011110
101110111000
01110000110
00111011111011011101
11100111000000
1111111101
11010100100011110100
0111110101001
