n = 20
m = 100
sigma =
1011001011110
00110010011111010
0101100100101
1110011100001101
10110000111
11111100010010010110
1010000011010010110
01100101101
111101001101111010
110010000101110100
0111101111111111
11101110110101001
001110001010101110
00011011010110001
11000000000101
1100001000011
01111100001111011111
101111011000001001
000101110001
1000110111011111
0011010101110000
1111110000100000000
10001101010000101
000001100011111
00010001000010
10001001010001100
00000000000011
01011101010110010011
1010111100
1100100010
11111100001101101111
11000000110100101
0011011001010000001
10100110111110
11101010100001001110
0010100000
0001110011010001011
110000000100110011
11110010101101001
1100110101110001010
00001111000100
01110111110001
0001110101
001111111101
10001100100010010100
1010001010010000001
000101100110101101
100100100111011011
101101000011000001
00011010011001000010
0110010110011000100
01110111001000000
10010111111010111000
0110011011110101000
101001111111
10000110110111001
101101001000
110101111111001000
1111100101111001111
0111010110001010
0010100110001110
01110100101010
010110011000011001
1111000011100010
111011100010011111
11000000001011101
11011001101100111011
0011101110011110000
0011001110111
11100100100010001
000001000011110011
1011010101001110111
1010010001101
0110010110001
010100110100
00100111011
1010000100111
01010001011
000110111000
0011010011
000100101010
00011000101010001011
001101010011
100101111000
101010101001011100
1111011110101
01110111101100001110
01000101110010000000
010010000000001110
100010001110110100
10110111011111010
11011100100
0111010100101111100
1000000010
1101101110110
0001111100010001
0010100111010100101
1010000000000
0001100011000
00011010010011011
