n = 25
m = 30
sigma =
11001011110101101010010
001100010100011001
1011110000100111110
0110010100110
11110101110101011011
010000010011000100011000
0010011010100000110
00001101000101010000
11111000100111001101
000110110001101001
0001111111101111011
011010111001100100
0001010100100
10010001100000000010100
01111111000101010000
0100001111000
010001000010011010
11000100111111100000
1100110001001110001110
0110110101101101010110000
0110010011100
110001011100101100
1010010010111111110101
111100111000101
110111110111111100001
0001001011010100100000100
1100011010001
01101110110010
010000010101100100010
01110000000001110001101
