n = 25
m = 80
sigma =
0110011110000000
000000110011111
0011000010111011101100100
10100011000111101
011111010111101101111000
10111011100110111110
0101110011011000
111111110011110110
0110000110010101001001
11101101100011000
11001100101001101101
1110111010110001110000
10111100000110
0011101110001110
00010000111010101000101
010001111001000100110110
1101000110100
1110011110101100000
10001110010101001110
01000001010101101010
110111101101011101010111
11000100110100100101
011011101111011010111101
010000000111110000101010
0101011110010000000110000
101110011110001000001
0110010001010100110101
1100011101011111000100111
1110110000011100011011010
10010110000011
010010110011100101101
001000110000011101101100
1011010110111001
00010111100111001110000
0000001011000001101011110
11001101110010111
11101101110111111001
1011100000011000111010011
11100000011000010000010
0111001010101101010000
00101111100010
10000101000010001
000110111100110
1111010001011111111101
1110001101010101000
0110101101100000010110
10000101100010000
00110010011111
1011100010100101001100
1111010111100
11001001000100011011
011001001101010110
1010011000101001
000010000101010100110
001011000001011001101100
111111011111010
01001101110111010101111
011010000110010110101111
0110110010101111011100110
00010110101000100101101
01100110111110
011010110011101010011001
01000111010011001
01110111001000000
11001011110110111011101
0111110110101010010101
110010110111110100010000
0000111110001111000
0111111100110
01000011111011000
00011101100111
111000000010101000011
0110001110110010001010
11101010011010101
01001100001011
1001111010001
111001111000101110
010001010101001
0111001011101
111010001100111011110011
