n = 25
m = 80
sigma =
10000100010010
0100000100100101
100010010101110001101011
011101111000010100100
100110110011101100
0111100111101111
10011001111111
11100010101100001
0101111100111010
010011111000001010100
1010111001011
001011000011011000
000101110010011
01001001111011001
01000111010111101000110
11101000110100100
1100010000101110111100101
010010111111001110010
00110000000000100011
1110100001100001110011
01101011110000001
00000100000000010
100111101111111011
001101101010111
0001000001010100101101
101101110011001000011
10100101001011
1000010101000
1111001010000110
111011000011010100101110
0001010001000010101
01101000010100100
00001010111101110
1011111111000
111101111011011111
100011111101000110
0110010010011101100001111
101011000100000011011
1011011110001
01110100010110000000
010111010101100011000110
01000111111110000111
00010000101010101101
01111111110110010011
1011111111000
011100101000011000
0100010011100
010011010010100101110011
111011110011101101
001111100100101011
1110110101010110011010111
010110000000100
10111101111111000001
00011101110011
01001111000010
00100011011010111100111
01111010010100000000
1000010011111000101110
10000011000000011111
0111000111100000
10100110010111
10011111000111001101010
0100110010100111001110
1101101000001111
001011100010110000
01000101100111101011
0000111000000010011100
1111000011001010101
110000111101110011101000
11100101001001111
111110001101101111101100
1100011001010000
0001101101110000100
101110001000011101010
10110001101111
01011100001111000
0111100101000010110010100
1011010010100001
10110000011101001100
010101001001111
