n = 25
m = 100
sigma =
00101101100110
0010010111110101111111111
11110010000000011111001
1101001010001
0110011100101
11100011001111110
01110100100010101001
111000111100010100011011
10100010011111001
100101110011011010
01001111000101
0111111001001001
10100101011001110
11101111010000000
110011110110001
00000110100010
11101111100010011111
10110000101101
1101100010011001011000010
0001000100010001001
011000110010011011100011
0000001010111000110
10001110100100110
011000010001111
1101000001000
1000100010101110110000
1001110010011101110111
101010001110101010010
001011110000111100011001
1110111010111
010110010100100
10111100111010
0010101110101100001001000
101100000000010000
1000110011111100001110
00101101011001000000011
0010010000001101101
1110101101110011
00001010001001011000011
100010000110000
1110001111010001
11101001100001100100111
0111100010001110100011110
001010110100110101000
00100000111110100110
00111011001111011001
101101011000100111100000
01001001111010
01011010001011100110
1011001001101101
1111100000000010100110110
10011011110100000000
00110010010110
011111110100100110000
01100000000111011
1101000010100010001
10000000010011101000101
001110100110111000100110
010001011110000001000011
10100010000011
000000000010000001111110
00000101110101111110
1011100111001
100000010001001
011001111100111111011010
001101010101111000001011
0110100101011101110000101
0111011001001010
10100100010000011001010
111001110010011100101010
110010010011111000011
0100100100010010100011
001001010001000
10011110101001111011
11010010011100100
0100100100001101100
11101011001110000010000
111111010100110111011
10111000100101
0001010100001110110
00111111110010010
101101010010110001
0000101011100010110000
11010001100011
11000011001001000100
110000101111111101011111
1000000001110100
111110101111010111
10001011111011110111001
0011100101101100011010110
00100100101100000111011
1010111011000001011
101011001110110
0100100100011001110100111
1010001001101110010
0111110111101000
0001010010100001000101001
0011101000101
110001011000010000110000
00010011111001111100100
