n = 25
m = 40
sigma =
0011001101110010110011
101111011010111001100111
1001100011001001101110
1000000000110011100101
1110001110010001011111
01111101001010010010011
001100110101001010001
11111010011101001110
0100001101001100110000110
111011001011110110
01110010001100010111
111110100111110011
0010000000111111101
110010100101110000101111
1010100100110110
00100001000100
11100000011101001
110100000010101001001101
011101010000101
001011011111001010
10110100001100000000
111000001000101010010101
1111101111000111010101
1111100101100010011100010
10110100111011000111110
11111001101001000
01011100011100100010000
011000000011000100100
10001000011110001
1001010011001100101111001
0110110111101001001
10001000000001010000010
00001101100100100
0111001100011111110
101101110101101101100001
0110111001001111010001000
111010001100000111011001
0000111010001000100101001
110011110110100111001011
1111110100110001
