n = 25
m = 90
sigma =
010101001101101110011
0100100110101100
000000001010000000111011
10000000100110
010000011101001
100111001110010101001010
100110101110110011000
01110010011100100100
10001001010101110010110
0001001101110110001101
01110000010001111111111
011001000101100
000010001001110011101111
0010110110011110000
000010101000010111011010
1000110011010110010110000
0110111001010100111111
11001101100100110011
11011110010111
00110010100000111001110
11111101001100100110001
0000110110000010010000010
0000100011101000011101101
0001110110010100110110
1001001111101010010000
101011000010001011001
0010000001000000001
0000110000010110
00111101110101111111
0000101111110100101100101
111010000110110001
01111111110100111
001000010110010011100
000100011101000101
01011111110101
01010011000000100011
000010111101010000
0001111110011011001100
1011100001111111
11110110101001010011
011011101001110
00011100011111010100101
100110010010111
1100011001001101110
0111000100011001111101
11110111100010
0011100001111001111000001
0100111100111100
0000010010101100001
11000111111011100010
0101110011010
11110011110111001101
010101001001001101
1101000111000110
010101010011001
0000110000000100101111
100010101010010
011010010110110010101
1000100101100001
0001000100110000001111111
11111010110010000
000000111000000010
1110001011111
11000111010110000
000111011100110001
110100001100111111111000
011010111001110010
1100111101010110001111
00101101011011011110000
0110010011100001101111101
001001110000111011011100
1011001110111001
001100110010101001
101110100100111101000
000111010110100011110
01011101010110000
011101111000100000100
01001011011100001
1100010011011010011000101
110101000110100011010110
0011000011100011100
0100000100101110010001011
1000100101010000011
00001101101111
001101001111000
00011101010111100100101
0000001101111100
1000111110001100
1010001010101100100
01101101111101111011001
