n = 25
m = 50
sigma =
011111111111100011
0101010010111001101011111
110000010001001100001
110110111011011111011
0010001110011100100
0100001101000010110
1001110011011111000011100
110101001100101
0010100000111011100101
1110001101000
0011010011101101000111
10000011101110011001100
011000100111000110
00110111111010
001000010010110010001
00101101011000
011010101111000
000101001111110
1010001011000100
011101010100010000011111
101101111000100100110010
1011010100000101
1011100010101100
110110111010001110101
1001011101111001001011011
0011010010110
1100001100110
110100001110110011010
10111101001000101100
0001100101000101
0011010001010111001
011011001010001011
001010100111001111110
110110010000100000100
110100101000101101010111
0010010001010
000011001000000101010001
0100000010010000010
011111001101111
11001111111100110000
0001110001110
0000011111011110001
10011011000000
0110101101111011110101010
1111000111101111
011100111100101011
0111111110000
0101010001111011111011
11100000100101010110011
10100101011110100
