n = 25
m = 80
sigma =
10011010110110
0010100101101001110
111101011001000011000
10101111111010
0110100101101
00010010000110000100
11001010111001010
0100110000101101111101011
1110001110110101011
0001011010010110111100
1010100101001111100110
100110001111010101
000111101110000011111101
1100101010001000101
101110111100100011110000
00100110111100011000
110001010101110100
0000101011011011010
011101011101110110111
11111011101010010011001
011110111110000000110010
11010010001000000011
01110101100010
111111001111101001
001011100011101101
00111101011010100
1101001110011111
1100111001000
000011011110010110
01110101010110100011
11101101001110000
1110101001011
0111000111100100
10110000000111000
10010001010011
11001110001011000
10110001111010100011010
0100001011010
101100101011001
0111100100110011010100101
00011100110101111000
0101011111111101110
111010000001111
001011011010001101
0011011001111
101011101000010000
1011110110101
1010001111110100000
110110111010100110
11100110011001010111
1001000000101111
001101011010101111
10100011100100
0010001110010110
0010110010101010010100110
011011110101100010
1000001011110110010001
0101001101101101000000
1000111101001101010
01010101010110110001111
0000101110010
0101011010000010010001
1111111010011100001100000
11011001111101011
1111101101110100001000
101001101100001110011
01110111011010011
110110111010110101001011
1000111000001
0101110010001010011
0111010111111
1010000011011010000011001
0000001101100110000
10001101100110
111100010011101110010001
01100110101000110
11001110000010111
111110001110011001100
0100111011010101011
1011001010111001
