n = 25
m = 100
sigma =
110000000000001
1101001110000101000000101
110101101010000111
110001001010001101111110
000101111011111011
1001100110100
1000100010010011110100101
1000011000001010101010010
11111001111000000
10000100111001001000011
010001100001100101101
1010010101111000
010111101001010000001
11010110011111110111
1011100111110101110011001
001000011110110110000
100110110001011111001111
01011001110101101101
001010001010011
000100110011001111011111
0010111010101011110
000100001100111111111
000110110111010100100
1000001100011100011111
101010001101001000100101
01010000101011101
1110101000111
0011100001000001
1000110100011110111
10000100110011110
10000110101100110110101
000000011010010100
101111101010100
001101110110001
1101011110000001010110001
000111010100110010000000
010000011111110101101
1110111111011100101000
1101011011110
111100111001010010001101
01000101001110011101101
1000000100101000
01010100110110100010
0001100001011100111011
111000100011010011101110
1100111100110
1111010000110
0010101101100110110000
110010111110000010110101
100001010110010
11100101100110
01100101000111001111
110100101000001110
10010010111110111
010110101010010
00001010110001001111111
10010001111010011
101110011010110110
1110100001001000001100100
111100011010001111111100
0110010001100
101000100011111000010
01001110100111001011011
00100000111011000100
0000011111110111
011111110110001
1100010101000110100
01001000011111001
10110001010101001010110
0010101101000100000100011
111000110000000101010
001100000101101
111110001100010
100111001111010000
010000101110111
010000000011000
00100011100110101110011
1000010010100011110001
1001010000100101010110
111110011000100000
0011100000011
1000000001001010010010
01000111110011101011
0001100100100100
1001000011010001100
001000100111001010
000100010000000111100000
011100110110111000
101100101111101
0110111111001111
11010000000100001
1111010011000011100011
111110000010011
0010110010100
0001000010110001010
101010101001110110000
000101111110001001101
0000010001011111010010010
11100000011010
01101101101000011011
