n = 25
m = 30
sigma =
101100111110010101
01101010001110
00010000111100
110101101111000001011
0111001110000010010010
11011111000011
010000111101110001
11111111110110001000
0101101111000
00011000011111111100
11001101011000001
110001010100000110111111
0111001011100
100011000100000100001000
00011110011000111011
111001000011000111
10010110001011100
11100001110101111
1101101100010001100000101
10111011111101001100
0110101001000101101
111111010011111
01110000000111100101
000100000000001000000
111001001101000101
1100100111100111110001001
001110110011101000100
110011111100000110111
111100110011011000000
010100010010000100011
