n = 25
m = 50
sigma =
000001101110111111011110
1011011000001010
1010000000001011111001
1101100010001
0000011011101010101
10110000101110100
01000110100001
01001111010000
001101111110001110011011
00101100111010110
010000100011101111101
1110001111010110100100
10100111100011000111
0100110101100100011
000111001111000
010110011100100011010010
1100010011001
1001011101110011010
1000111011111110
0010111001001
00110101110011001
0101011110101101001101
01111110000001
101011100100011100100101
01000110011101111
101101010111101010111000
10100000100101000
0001011010110011011000
0000110000101100
0101001010000
000010001010001000
01111100010010100
0111100100001010010
0001110101100011011101011
0111110001110001
01010001010011
000111000110110111
1011010101110100011011101
111001000111100100111001
001010011110010010101000
1011101000010000011
110101101110110001111
001101101011101
01001011000000110
0001100000010
10001101100111001110
001000011001010100000
01101011001101101110000
00110001001100010110
00010000000001000
