n = 25
m = 100
sigma =
110111011010100010001000
0101110110111110111001000
001010001111110
1110110001000111110
10001111000110010
1001100110010101111000
101010100110001000000101
111010001111000000000
10001110100111101110
1100010110000011001
0011111101000
101101110011101101100
000010000010000000110101
00010000110101110111
10001010101100011
1000110101000001000111001
110000011000001101111110
1101110110111001111000110
0011101010001101110100111
1011000111110
11100100101101100010
01000001110011
0101011001111110001110001
0110011011000001000001100
0100100011100
010100111000000111111
11011111100011011010001
10111100011110
0001001110110111
001111001001111
1110110111111001011100111
11000010011110100000101
00100001101110110
0101111001011011
11110010000011010001
11001111011101
010001010001010101110
10000101110010100111011
10000010000010101
11000100100101101101
1111000101001010000100110
110000100001000
1101011101000100000011
101001111011010011
1110111000101110100
010101011110100111
00111000011110010111101
00111001100011001110111
1111101000100111
10011011000010100111100
0001010110001000010100
0111110111011
011001101010001110011
1111111101100101100111110
1011111001011
0100101001101000000001
0101010110000101
0101101111111010
010110100010010
111100011100000
010110111111101
1011010000011
10011001000111011
011111111011001100001110
1010110011001000
00011100100100011
11111000100000101110
01101000101100110011
00111100101100101
11000010110000000100011
0111110100001110000100110
0000110000000011111000
1000110110110101101010
11000111001110101001110
000001000000010011
01101010000110110
0010000000110
1100110001011010
100101000011100
0100100101010101110001110
1001111010100110010110
011000111110011100
011110101011000
1110110101011001111001100
000111001000000101001001
100010001011011001001
00001000101000
011100011100101110
1001011011000100100101011
01010100001100010001
0010001101110100000111
0011011111111001001
001110110110010010111110
000010011101111000
000101010001011001010
110011011101001111000111
010101011010001000
0101011111110111010011001
0011000111001111101011000
111100111100000000
