n = 25
m = 90
sigma =
01100101101101100
0000111110010110101
010100100001000110111
0001011000111000110101111
110101010110011
101100101010100111000110
1001001000110101001100100
11011001000110101001
110100000111011
011001001111110
1010100110010010111
010001111011011001
10011110010001000001011
0111000001100
0001000011001001
1110000000101000001000000
011111111000111
00001110000011
00110111101111
11111110110011000
1110100011101000010000100
01101100001011001000
0101011001010001100110010
0001011001111001000100111
100101000011100
1111011011010111111
0001001000101101110111001
1010101100011
1100111011000011101101110
11101000010101001101111
0010111000011
1011001010111001100100110
111000111111010
100000100000000
0111100100111010011100110
0001001101000
0111010111011011000100111
11001010111011010010000
1001100100111010001110
110100010011010100100100
011010001000101
110001010011010
01101000100001110011101
1001110100000111101
1100011001101111011
1010101110001101
10101101111010001111001
1011101011001
01010110110100
011010100001011
10111001011000110011
1001010010011011001100111
11101011110000111110
01110011001111
100001011101110111110011
01000010101110110
1111110010000
00010101111001100111000
01100000100010101000110
10110111101111001
0110010000110111011
1000110001111100101011
01010101110110
00001010111000
00111011100101000101
001011011110101100001
1111001000110001
11001010001110100100001
001100011100111001
0110000000000
010101110100101111110011
00111001000110
0011111011111001001001001
10100000010111111111
111000100111011001110
0111011100111001111101
0110110100010010
010100000010111111001100
001011001011001001
1101111101100000010100
100110010001011001001
10000110110111
1010110100010000101001
010110001000000111101101
11100010001001001111111
000000101100010101010011
11101000001101001011
00110101001101011
01111000010000010
10101110011010
