n = 25
m = 60
sigma =
110111011010111010011
0101001000000111010
011010011001111010000
00011101011100110011000
010100011111110010
000011010001001
1001100111010110
1001000011101
11000101000000100
0111011010101110
011000010001010
101000011011010010101010
0101000101011111
10110100100011111
01110111110010
010011100000100110
011010001000100
1001000110101000001101111
101010111011100000000
010010000010110010
0000011001000100000110010
1010100001100110011100100
10110100010111101111
1111100001111
10111111110011
1110011111100110001
010000100001011
110100100011011010111
111010100100110011000
10011010100011101000
0110001000001110101
01001011110000110111110
11111011111001000101110
11110111000011010000
1100111001001101110011
000000011111011010
11111101100100
11000001111101
1000100001000100011100
10110100101101101000
0011110100110010111000100
1101011111001000
0110000000101110
0110111111011111
0111011000110000001
1011011110110010011100
101011000111100
011010110110101100
01001110100111
0111000101111101001101
1110100110100001
1000000000001101110101110
00101111011111
11101111111100
1101000111100110000100
0011000011010
0001111011011000010001011
111110110110100
100101111111111
0011110110011
