n = 25
m = 40
sigma =
101100111101011
11011000100000
110101100011111111
00111000101110010000100
11010011101100111110
0101011100101111000111010
100000011001000100101110
00001000101011011
1110001111011111111100
100000111101111
01010111010101
100111010010110100100100
11010001111001101
1111110110111
101011000110101
01100010000011001011
00100111001101011
000010000100010
1000010001101010
1001001101100000
00101000110001010001111
1111101000101000001101000
010000101101100101000
101000000100011
011011001110011
1011010011000011111
00010110101111
101000000100001000110101
111000001110101111100
01001000110000001000000
00100011100010100100
0101100001110100
101100011010111
1011000001101001
101111111101100000
0000111111000
1111011010001000100110010
10110011110111011000011
0011001010100011011010
0010111001100010
