n = 25
m = 50
sigma =
100110010100000
10100001110110101011
00000011010111
100110011000001110111
11110101101110011010
00011100101111010000
1000101111001111101111
11011100111000
11011110100000001111
0010101000110001110000
01101011000010
1011010110011110011011
10100000010111001101
1001010101011
10001110001010
1101010111100011
1110011010100101
0101110110101
100010001100010
11000101110000010
01100101001100101111
00001111101101101000
1001110001010100010111011
1001100010100001000111100
1101011001001011
101001100100101101100111
10110101101100010000100
0111100000001110001110
1101010010110
001110001000110101000
11011110001111111110110
11011110111011
001100110100010010111
1110000100010010001101
01000001011010010100000
10110010011001001
110011000010011110000
000110110011010
11010111000110
00100010100111010010
1110011100110100010010
101111010010001110001010
010100000011001111010001
01110001110101111111
1011001100001000
100011001010100
01011111110000101100101
1000101000101
101011111011010111010
0010111101000000101
