n = 25
m = 30
sigma =
000011101001010110
1110000101110100100
110110001101000111101
00001000101111
1111101110011111111010
1001101101111100000101000
000101110101100111110011
0011100100101
101001100000111010010
0111110011000110101
11011111100001101110111
11000111001100110010000
01011011111101100110101
1010000011111101111
0100111000000011001001
1011001001100000
10101000001111011
0111100111010001101000110
1111100100010111011000100
000000100000010101010
0011001110110010001111
11011111100100111
001010010101110011001
1110010110001111011
111010100011101001110001
00000011111010110001
1010111101001011
11001000001010001
11111001111000100110110
0010010100011110100001
