n = 25
m = 60
sigma =
111011011010000000100010
11010111101010010100
011101000110101
11001110101000000001
01011110100111111001101
110111000010000101000111
011000100110101111
0110101101000000000
1111001111001000011111
0000111110111
100010100010000110100111
1000111101001
111101001011100
000010011101111011011
100100100000011000
0011010111010101
00101011000001111
010011011010100100
11000101111001
01101101010101000
001111000010111100
110100010001100100000101
0100111000001
1011110011111111111
000001001111011
001100010111000
1001101110111111100
00010011111010010
01010001111100010010011
00111110111101100
10100000011001010110
1101010000011001110110
0011011111100
01001001011101111110
01101011101100010011
1000101100010
001100100011100101101
11000110010000001001
011101001010000011
0010100011111
10000110010111000011
1000001010000110001
1100010001101
0010101111110011
0111101001000111000101
111000111101010000000000
110100101011110101101
1010011111101
10111011000011
0111111000110011
1010111100000010
000111100001101110101
1100001111110111
101001100100001110
10111111101100
00100100000010011001
01000001001011101
101010101111000010001
101110111110010
0111100110000101
