n = 25
m = 70
sigma =
1110000100010011101110
011011100010011001
0001000010011001011
010011111110011001101010
0010010111010
00001001000011010
01101001000110101001001
110100010010011101
010111011000000
00110100011111011010101
1101011000100
1001101110101
1010111101011101011001001
11010110110000001111
0111000111111011000101
1101001110111
10101111000101
101101110011010
11110000110010001
011000100111111101
10101111010000010011
01111110101110001001011
0011010111001
11100011011010011010111
000100011001001100
11100111110100
010101011001111
001110100111011
00010001010000110111010
11011101110000011111010
1111100001010000110
001110110001011111111100
0000100100010101
1000010001101110110111
011111101001011
000111101000110010000101
110001001001100001
111100000100100
001100100001010111111011
0010011101111110000110
1011111000110010
10110000010101001001110
101011100000000010111011
11100110011000
0001001100110110101101
00010010011010110
001000101011010000
010001100110001010111010
10010110111100100
101010001011011100011
1010001010011001011001
01100111110100011011
000000100001110101
1011100011110100011011
0100000110011
0000001010111101110001
1011001000110111001
0010000110010100000011
1010001000000101111101001
10001100010111111011
1110111011101111101
101100001101111001
0101100110000010010110
0011100011011001100100010
111101111111111101
01010011010111100101
10100011011010000010
010000011110111100000
11010011010000100
01110010010101011100
