n = 25
m = 60
sigma =
1110011111111000
1101100000011
100100110000100110011000
10001010011101001010111
0011000010110110011111111
000101001101111101010
1011101010000100011101
0010011010100001011110111
0110001011001101000011
0011100110110011
1101011001010011000010110
100010111100101000101
10010110101111001110
10100101010100
0111011001010
101101001100010
1011101000101010100
0101110001001101001
01010010100011111
111111101000001001000
11110111111001
010001011011010011
0001001100100
1100110110111010100
001111001001001000
1100100011010
0000011001001011
100111000110111100
111011110111010011111
111110011100111011010
01101010100011110100
10010000010110
01101010001011111011000
101001111101001101101001
01110011101001
1000010110011
100011001100100
00000110111011
0011000101011011
0101001001011000011100
0011001101010101
1100110110101
10100111100001110
01011010000110110111
110100001101011010000011
11100111100001101010
11110001011101
001010000101111100011101
101101110011111101100100
010010010001100010
000000100000100110110
00010010011110100
100111010000011011
0100111000111010010111
1010101111110010
110011110000010010101
1001101001100101000111000
1001011100010111111011
010101000001000100101
1001111101010100
