n = 25
m = 40
sigma =
0001011111011101101
1100000001010101100100011
00001100010100000001
010000010101110110000
011101011111101100
1100110101100000
01001000111010000000
10010100111001110011101
1111110000000110100101
000100111001011000001
1011111101000
1111010110001010101011
1101010010000000110100010
0010010011110
100111001110110101
01110011001100
1001101000101
10100011111101111100001
0100011110001110100111011
11000111101111101
0001100010001000100
1001011100001010011011100
11100011101001001010111
111010001111101000
000000011011110
100000000001100000011
001101000100011101110
11001010110100111000
0110111101100101
0011100110011010
0000011101000000
11100101010010101010
1010100100111001
11011010101110000
0110101100011011011010
10010101010000000000
000101101110101010011
00100100001000101000010
10000001101101010
001100000110100
