n = 25
m = 70
sigma =
010001011111100100
01000111111101101
1111101101101000011
1110010010011100100010100
101110010100010110001010
00001101000110
0010100000001101100
100110100100000001
111100101101110
111111011111101100010
10101111110011100
1011100011011100111
011101011110001010001101
011110110100000100110001
00011110111111110110100
1100011011111111101101
11000110111110100010
01101111000010011
000000010111001
101111010000110011
000101111101111001
1111111010011101101
101000010101100
0010011101101110
1010101010111
100000010101011001000
110110111111010
01110010000000
0011010110011000010011110
1001111110101111010000110
00010000100101111011
011111110001110000
10111001010101010011101
10010101100101000100
000000011011110011000010
10111100110001000110
110101101100110010000110
11001011011010010
111000111011001
101101010010111010001110
111111100110000
00010011000101100110
010100010000001110000001
0100010000001101111
000101111100111
1100110011011101
10100111110011000
1100110011011
10110010011000
0110110110000000
001000010111100
000000110101100
0101110001111
111110101010011001000010
1101001001000111101
0100100111000000000011000
000000000000111010011
000101010011011
111011000100110110000
1000100111110011
1010000000010100001
00100111101110101101001
00010111100110
100101010110100011000111
10011111001111111
11111100010000
000001001011010110
110111010000100010
01100111011100110
01000111101111100101101
