n = 25
m = 70
sigma =
101011000111111000
101100101111111011000
1011001111100110
0010101101110001010
001001100110010100110100
10111000100000010101101
100111010011110100111
01111011010001000
0010101110010111001010
11110100011010010111
101111110010001011
01111100110110001110
11011001010100101110
00101101110001011011111
1000110001100001110
110100011111101
01101011110011110100001
00001010111011110011
011011000101101110
110101010110110110100011
00110011110000101001100
1000000011100011
11001011001110110101
11000101110011010
00001011100111
0011010110111
10000001111000
110001000101010101
11100110000010001110011
101010001001110000
11101000001010110010000
000111101010010
0011001001100
00110110001000101
1011110100100111101111101
11100011000111
10001100101011101
1100111100001001
001110000111101
0100000001101111100
000001100001101100110
11100110110101000000010
1101101011110
0100000001100110101000
1001101000010100010
10111110110001100
01001110110010011001101
1011001111111101001000100
101001001010000
100000111100110010
01100100100111001101001
10100110100101100
101000110101001
00010001100111001
1111010001010
11101110100101
000101110110010
01001010111111000
100010001100010111
0100101100000010010100
10001100100101011
1101111011011110000100101
00000010001110011100000
1100000001110110000101111
001111011101101111010011
110110110110101101
01011100100100011111
111100111000011110110
101111101000101000000101
01100011100011111
