n = 25
m = 90
sigma =
001100111010001000100000
0101011100111001
0111101111100110
000111010100101101
10010011010100
000111000001101
001100111111010
10011010000101010111
00101111110001
1010000000000000100000
11100010000000101000
11010101011000110
00001000100010000111
10001010001111
0010011011001111
001111110001111110011101
1100101010110
0000001111010
1100110011010
11110100010011010011011
1000011010011110110
0011010001000
1001001101110110101
0101110011011100011000111
011111100000101011
00010110011001100
001001111001011010101010
1110010111110000000001
10011100010010110000
01110011000110
0011011100101100001
001100111001111111
1110110100110101100
1001011010101001011100011
110010100101101
101001010011000111111
00000001001111101010100
100011000111101111
10111110111001001101010
01011101111011000101
100101101010001001110
00100010110000101011101
10000100110110010
111011101111110
011111111100000
00000111110011111101
0011110100000111001001
0011000000011000011111
1010010000010001
0100010010010000101011
011111110110100011101
10111010001010000011101
1101110110010
11100001101110001011110
01110001110011000000
011000000101011110
1000000100001010101
010111111001100011110
0110010011001010111011
0110001000000111
0100111000100
01101000110011010
11100110101100000011
001110010010011111
100001001010111100101
1110101000001010111110
001111111101100010000011
0011111010111
00111101001010011110101
001100100101110
001101101001110
000100100011100000011010
11101000010101011100
011110001011110
1001111111100
1011010000011
1001001110101
000001111001011
11001000110010101011000
000000111011100
10100011111000001
00100000011010101011110
11100000001100
01000011011101011100
0100001100101111000
00111010101001
00101011110010001000010
11110011100001
1001011001111110100110101
0010011000111
