n = 30
m = 20
sigma =
01001101100110000
010100001001000
011000100110001100110
1011001100101010111001000
110101001101001000001
100100010100111100
10000100001111111111000
10110000101011110010
0101101011001000110110010111
111000010111101001110100010
111011101001000111101100110
111110001101001100
00000000011011011
001011010111011110110111000
10010100100101111111111000
10110001110000101111111000
1111010001111010111110101010
111001110100010111110
111011001010010100110110000111
101101101001001101110011010101
