n = 30
m = 80
sigma =
1000010000000001110
100011110110000010111101100100
110111101101001
1110001010110000111110
00010000010000110110
0000011010011110001
0100111011100000011
110111101100010010001000111010
11000001011111000111110
01110110101111011110
1110110110111101100110010
101101000111000110000010
10111011110110100010
0110110011000000100100
11010111000111110111011
111011101111001
01100010111000101001
1010100101000010000100
0110101101111101011
00010001001101000
0111100110001000
0101101010101001100
1100000100010000000001
01100110011101001001000101110
01010101101111111100000100110
0000110111000011
1101101001001010
00100000111001110001
011001011011111000
101101111110100001101010
011001110011100000100001100111
00110011111001100100010110101
10000000010100000101010000
0111100001011100111111111
010001000110101000000110000101
100101001101010110100011110
10111010101111101100000111000
0101000100101100
010001011110001011011000
001110100011111010101000
0011110001111010001001010110
010101000001101110001011
01011011101110100
0010101101011111001110111
00010110110010101111111111
0101010000110101011000001
000011011111101
01000001010111100111110011011
001000000111011100
101001101001110001001111100111
010010110111001011
1001111111101001001
111010111011110
01110011101110001
000101111111111110
0000101111111011110
011011100011110000011010111
10111000001011110000110
110001110101110111011
10011111000011100111011
11011101101000101111011111000
0101010010000100010100011110
1111111000000101010011111100
01101000000000001111
100111110110101
0111010100111111111010
0100010001111000011001101100
010100111001101000011110
101001101101101
00101000101000110110010001010
01111110001100000110001101011
011010000001100110111100100
1101111110100110011
0000101011000101100
0111110100001110101
10101011100001110100100100111
11100011010000111100100
001000000111011111011001100101
0010010100110111
01101010110110000110
