n = 30
m = 100
sigma =
1100011001100011110011111100
00111010000111000111001111
0010101001101000011
0101110100010010010010011
00111101100001001010001101
0010010110000000000
1101001110000010000010
11100010000111011110100110
10011101110011101100
1000100110101001100010010100
11101111000000100
10100010000110001001000011
11111000000110000001011110
100111100100100
1111110011101001000111
010100110001011001
100111101010000000000000110
000101001111001100001010100
01110010011110011
101110110011010010111001
01100011100101001101110
001110000000001100111101000000
11000111110111001000000
11110111011110011
101010000011101101
10100010110001100110111000
11010000001001100101
1011111011100000101001
111110011101110000111001
0111010011111011101011001100
001000010001011
00100100101000100
110010101001111110001110000110
1010100001001010000010110
001000100110010101111
111100111001101100111100111110
0010011011001101
1100011011001111111010101011
00011100111010001
010110100010101010001100
100011101110110110111011
1110110000101001110011011000
00001010111101110000001
010010000100011011110011111101
110001111111011101111100
110100101101101010001111
111111011111001
011001110110101011001010010110
010100001000110100001001101
0010110011110010010010000111
0111111011110111
11101010010110000110101
01011011010001111100101101
1101111001011110101100
0110001010111001
011100011100010001001001110
110110100010101010110
10001100101000100110010011
100010001100001000011111001001
010101000100111001001010011
00100001011111011100
0111001100011000
11110101101111001100111110110
0001101000101111001111110011
1000001010001110100111000
1101011100000011010101100
01011111110111110110110
10101111010001010101011111101
1010010100111101100101
11111101000111111000101
100101110000001
0010011110001111
10011101110000000010011011
01000011111100101111001111011
10101110100100001010111
0100011001011110000011
001011100000010001101001011
1110010011101011101110011
1011110001011110010000001110
10110101010101000
0110011101000010010010110010
101010000010011101011
00111001101001110100
000101100100011011
0011110010011011101001010010
0001110111111111101101100011
1100101100000110
0011001010010001101011
1011101100110110101010101001
01101000000110101
010110110000010001111000100101
000001100001010110101101100
1111000001010101101101001
010011111110001111001111001
10011001100010011111011
0111101011000111010
000100100100000101100010101101
01101110101001100001011111101
1010100010011001101000000110
10000001001010010011110000111
