n = 30
m = 90
sigma =
10000011100111110
1000101011001111110001
111111101010110111000110
011010111111100010110011011
001010111011010110011000000011
0010011100100110101100
11100110110010010001011
11110011100111011100001110001
11001111101001110100
10101001011100111110
00000111001001000010011111
100000101010101001
00101100111110101011111
00101110011011110001
11000110111101000000
001110011111001010011
1010000011110011111
0101000001110001111100
11010101110100110010001
101101010100110000001111110
0101000000111100011
1111100000010001111001010
111010010100010101001101110
0110101010000111011
11010100000111111111011
0101110011110111
0100101010100011
001100001110000110111001
10100001011111110111011
1111100110100000110001010000
01101010101010101
011010000111101001000110
101110000010111110
010100110000001111010000110
0101100101101000
0101011000001101110010101111
01110001011101111111000011001
000101101100101111
010011110000010000010101101011
11011110110010101011101101
100011011000001001101
11011111110010110111000011
00111010110000000100001110110
1000011011010101000101
100100111000011
00110101101100010100011
001000011000111001101010010011
11000010010100101011101111
01001011010110101000110000
110110100001011
11101000100100110110111101
1110100001001010
1100101000010000000101
010010001001101000
01010101010000011011
1101100111111010100111000011
100001110011000100101001
1001110100101110
1100101100100001110011111
11111011001100010
110000000001001001100101111
010100111000110000110010111
1000010110111011011
0010110111100001
010010000001101
11100001110001010011
011000010011010001010000101
1000110000010000
110111010100001100011000011
01101010111000101001110
0000100111011001000011
10101011110011010111111100111
00101000011001010011010
101111010000001011011000111
0110010001011110001011101
00000111001010111100110111001
000000100001011001111110
10011001110110100101000000000
10111000010111111101
11010010110000000000110
101101011010110010
10011100000011001
100011110110111001000011
0000010101100101011100110100
00111110010000100001001110
011111000110111110
001110101111110001
10100110011001011010100110011
111100110000001110011110011000
11011111001111000
