n = 30
m = 70
sigma =
01000011000111110010000010
1001010110000000000101011
1100010000110010101111
011011000011011010010000011001
0111111010110011001
00100000010011111111010101
110101011001000001110000100000
0010101000101101
1010001111101111
10000101000101000111111
101010000010010
0110110001111011100101011
111100100010001010101
101010101000000000111011110111
1001110010011110
00001011001011111
011001010001101010001001000
010110100101111
01000101101001101001010
111000111100011101110010110
111011010011001100
101111000001111
11111000001110011001011011
011010111000000111111101001010
01100100101001100100100
10111101011010101101010
01101110100110000100010
111100011001101101001
101011000011111110000000
000110101101001000000100111010
000011101011000111101100
0111001100001100110110101
0011011110001010000000001
10110000010110100111111
100110111100100110110001
0100011010010110001011111011
01111101011011011
11111110000101011
000100101100101010010001
000111111110100011010111
010010010001100
001000100000011011101101
00111100111010100
111011001100001
10000010000011101110000101
10111110110100110001110
1010000110001011111110011
010110111010011011111
01100101010101101110001000001
010001110101111111
1000100000010011101001
001010100101101
0111100111001100000010
1111110100001110110
110010011001101
00011011111111011
000100110111001
10011010100111010110011011010
10101101110100101000010111
01000001011100111
010010000000011100110111101111
00001010111110111111010
1100011110000001101010011001
10010000011000100101111110
11101001001111111
111000111110100010111100
000111111010010110011011001
01110000110110011100000
11010001101011001010
110001101101100
