n = 30
m = 60
sigma =
0100000001010111
1101111001011010010001110
100101101001101100111010111
100110111110000011
000101011101110100011101001
011111101101010010111111000
000011001011001000100101010101
0001100001101101001001111
0000111011000011100010101101
111000111011000010
01001010111001100101101
000110100101110001111101101010
00110000110001110111111010111
01111101000010111
0101000111000110
01110100110111001000111
11101010010010110101110
01000101011101000100110000
10010111111110101010
0011100101101001
100100100100100001001010100
11001000110110010
1101001001101011110011
101000000011001111010010010101
0011111000100101011010111
0010000110001110
01000010011011000010101100101
1110100111001100010110100100
0001010101011100100
0110001111001110111100
1001010101100111010111000
0010001101100100001000101101
01110001111111001010110010
01000111111001111000100
110100100000010100011011011
101001110101001011110
100011011101111001011001
1100101011100011010
1100010110101111011000101
1000010011110011011011001011
01000000000000111
00011010000111110100101
000110101001111011111100
00010000111100010101
011101000101111110000
010101110110001111000001101
101000100101110110110001011
01101101011011011100111101
0111010101111101010
100000011001101010111
10011011101010100111101
0000100010011100100100
101001100100000
0001001111010000001000010000
1000001000000101010111
110000101011010000111
1111000100011110011100100000
010000100100111
10011010011100000
011000110110000001110110
