n = 30
m = 40
sigma =
110111101001001100
100000000101000
01010000110110010010
101110011000111
1110101101110101101101100
010110111001001111
1000100011101000110000
11101100100001110100
100010010100111001
110110100111001011011111
01001100010101100111101011
11011000100000111
101100011111111001110
010111001000010011
0100111011001111100101011100
0111100011101010000001100
000100101110100001000101011011
11000111101111111110001
000011110111100
0101110101011001110100101
010010010011101000111100110
011111101101110101011000110
01101100010000011001011
00100111001101011000001
000100010010000
00011010100100100110110000000
010001100010100011111111101000
0100000110100001000010110
100101000010100000010001
00110110011100111101101001
000011111000010110101111101
0000010000100011010
111000001110101111100010010
01100000010000001001
0011100010100100
0101100001110100010110
011010111010110000011
10011101111111101100
000000011111100011110
10100010001001100101011001
