n = 30
m = 50
sigma =
00101000001101000011101101010
100000001101011110011001100000
11011111111010110111001101010
011100101111010000
0001011110011111011110110
110011100011101111010000
0011110010101000110
0111000000110101
00001010110101100111100110111
010000001011100110101001
101010110100011
00010100110101011110001
0111001101010010100101110110
01010001000110001011100
101110000010101100101
011001011111000011111
1101101000100111
001010100010111011
0011000101000010001111000
101011001001011101001100100101
01100111101101011011000100
0100011110000000
110001110011010100101100011100
1000110101000110111
000111111111011001101111
111011001100110100010
1011111100001000
00100011010100000101101
01010000011011001
011001001110011
000100111100000000110
100110100110101110001101001
00101001110100101
10011100110100010010101111010
1000111000101001010000
011001111010001101110
0111010111111101011001
00001000010001100101010
010111111100001011001
101000101000101
01011111011010111010100
01111010000001011011111
111111000110101010010111001
0101111111000001000100110000
1101101110110111110111001000
11001110010010100001101000010
10100111001101111100001110
011010100110010100
0100000111011100101011100
11010000011010011101
