n = 30
m = 80
sigma =
0101101101111000110
0001010000001011010110111
00001010011110000001000110011
01110100001111111100100010010
100110010100010001010100
0001111100101011
001110000110101110010101100
0011011111010101010010111110
1011000100110001101011
11010110110000010010111
1000011100100100000110
0110010011111010111000
010111001000000100001
01000100110010110001101100100
0110100111100010
111110011011111001
1000011101101110
0000100010101100000101
11010000111010111010
0101100011110000000011001110
11100111111001000001111011
111110110100101111001011110
00100111000010101000100110100
100110111100111001011
000011100100101001100
01010010111001111
0101101111001010101111000000
00100110000001010011111
0011001001000111011100010
101100010001111010011100010
0001100101000110011101101100
01100111000100110000101
0000010100110011011100001100
010010010101001011000
0001101101100000110011001
111011000001011011101000000001
0011110001001111101
011011010001011100001
010001111100010111001
00100100010001000000
01110110000111011010011
00110011111101100011
0100000111001001110111
1100111000100000000
10011111001110001011101
10000101000100111110001010
00111100101111110
1010010100001010
111011110001101101
0010011111001101100100
111111111010100001011101000011
01000110011101001001
01010111101101111111100100001
0110001000000100101001100
10111010101001100100111
110010100100101110111110011010
10101011100111110111011110
101010011100100
0101110100001011001
0001100001101111001000111
000001010001110
011100110100101011101100100
010111101001110
0010011001010110111010011010
1101001010011001001100
1000110111100001100011
1111101110101000111
0010011101001001000010
111110001100101011100
00010010001001000110110
1001011101001010001000000011
00011111010001100000
010001010100100110
0110001010000010110000100
0111001101101000110000
111101101111110101100100101
1001000111000111000100111
111011111011000
000000100001100000
0111111110110010010
