n = 30
m = 90
sigma =
10100101010101000010111011111
10101111101000011001
1000100011100010110
1000010111101010010111000010
01110110100111101100
001111101001011101000011
1011010110001000
11011010100110001101001010
110100011110011011110
0000101001100110001
1100001011110000000011001
00111100111010001100
01110011101000111101111101
01000110011011110011011101
0110011110111010010
0001001100010010
01000000111100110000101000
01101111001010111
11101110000110001
11110110110101001010
10000000110110110001010
1100111000100000110
001110101011101011011001011
010110111010000110101
010100101001110000001111100
00001010010011111110000010
001010101110100
0111100110010001100
1111011101001110
101001010010100000101000
111101110000101001000101000110
000001100111001111
00101001010011110011011011101
10100000001100111000001010001
01111011010100110000000010011
00000111110101101101001000
0100001111011101111001
0110110110011011101100
10001111010010111001001
111101110100011100010
100111011111101
011001111110010
0111000011010111
10101001101001110
10010100110111110010
1010010010111110000
1011110001011010000
0110100011001001110010
11101000010010111111010
1100110001011111000100
11111100001101010000001110100
00011101001100011010000
100010001101001101110010101100
001100011111000111001000110101
000011010111100001101100110011
1010000011001001010110100
000110010001111011110100010
11011011010000111001110110
111111100001011011100000110
0011011110110110010111111001
111000111110110100001110
00001110111010000101100
0101011101011110011101
01001010000000010011100110
11110001010101111110
1110101100111111000
1101111110111101100000
001001100101010000010100
1110010110011110111
001110101010111011101
100111111000000111000
110101010011011110101000101100
0001010000100100
0111000111111000011000010011
101100010101010101010
01100000011100101111101
110100000100110100110
01110000000110101001010101
1011100011011111000
11110100011001011011110
001000100010001
111010010011000100111100001011
10110011001101011
111000111111010101010110001000
100000100011100001
01011111111010111011
01111111010001101
00100000010011001101010000110
1101000100111001011001
10011011000010001111010
