n = 30
m = 40
sigma =
110111011000011001100101
10001101101000010
110011000101000101111101110
101110000000101010110010
011100001100010
000000010100000101011101100
01011101011111101
0001100110101100000101001000
11010000000100101001110
11100111011111110
0000011010010100010011
0010110000010101111110100011
10101100010101010111101
100100000001101000
000010010011110110011100
11011010100111001100110001001
010001011010001111110111110000
01000111100011101001110
11110001111011111011000110
010001000100100
01110000101001101110011100011
0100100101011111110100011
1101000000000001101111010
000000001100000011
0110100010001110
110111001010110100111000001101
1101100101000111001100110
000000011101000000111100
0101001010101001010100100
110011110110101011100000110
011000110110110101100101010
00000000000001011011101
10100110010010000100
1010000101100000011
1101010000110000011
100000001101110111111
11110010110110000010
010100000000010111110010110110
0100011000001101110
010101110110000101110100
