n = 30
m = 70
sigma =
010101001110010101101010100100
01101110001110100
0110110010000110010010100010
010110111101101
110101110010110110011011011010
111100110111100001
111010110111001000111110000
001101001111001101
10111010110011011100111000
0010010110110110100111101
101001100101101010001010100010
11111101001101001111
1001110001010111101
1110111000000011
010111100111110011101000101
110010000100000101100
1011101011011110111110111011
00110000011011111000100
00111011010100101101100100
0011010001100111
11011000001000000101110011
10100110000000001101100
101001010000010001100010011000
111111000101111100001
001001011111101
0000001101001000001
0010010111011110001
101010011011111101
111010001001011111010100110001
1001001001100000100000101
00000101110110001
01000001000010010011111100
001100110101010101101101
01011111100100010101011001
10000111010011101101000
1100101000010101111011010
0011001011111100001101011
1100110001011100100000
1101010100110110111
0101100100000111110010
110011101001100
110111000100011
00011100101000100010
01111010110110000011
1001100010000101
11010001100111110001110
01111101110101101100110
10101000110111011
001000101000111111100110000010
111100110000010111101100
1110110000011100000110100
010101001011011
11000111001011000
0011000000110110101110
10011001011010100011101
001111010001110100010
01000010001101000110010010001
1111011110110011001111100
001001111111011010010001111
0101111111100011101111
01000011111101010001001110
110010111101101100111101001010
0001100000110011101
110101010001001001011
11100100001001000
1010111100100111101111
11100101010110101111001001
1111000011110110
00110010110000101101100
0111010010100010101000111
