n = 30
m = 30
sigma =
100000010101010001
00111011001000111111101111110
100111001010010101
100110011111001011000111101111
010100011101001110001100000011
1101011000101010111101001011
11001000001010001111110
1111000100110110001
0101000111101000011
00101111010110101001010011
001010001100111
11110000100111110
011001010011011
11010111010101101101000
0100110001000110
010010011010100000
101000011010001010100001111
1000100111001101100011011000
1010011000111111110111101
10110101110011001000000101010
10010010001100000000
10100101111111000
01010000001000011110001010001
000100110101110001001
11111000001100110001001
1000111001101101011011010101
00000011001001110011100010111
010110010100100101
1111110101011110011100010
110111110111111100001000100101
