n = 30
m = 30
sigma =
01010010000010001100011
100010011011101100
001000001010110010001001
100000000011100011010011001
0111001011001110111101101
1110011001111001100011
010011011101000000
001100111001011110
0111001000101111
01111101001010010010011001
001101010010100011111110100111
100111001000011
100110011000011011
101100101111011010111001000110
010111111111010011111
01110010000000111111
0111001010010111000010111
01010100100110110000100001000
00111100000011101001110100000
1010100100110100
1101010000101100101101111
0010101101101000011000000001
10000010001010100101011111
01111000111010101111110010110
0100111000101011010
1110110001111101111110
1101001000010111000
1100100010000011000000011000
00100110001000011110001100101
0110011001011110011011
