n = 30
m = 50
sigma =
010001111000001110111001100
100101100010011100011000011
111111010001000010
1011001000100010
1010110000011010101111000
0001010011111100101
0010110001000111010
0100010000011111101101111
0010010011001001
1101010000010101
11100010101100110110
1101000111010110010111011110
10010110110001101
0101100110000110011011
10000111011001101011
111101001000101100
0001100101000101100110
000101011100110110110010100
10110010101001110011
111011011001000010000010011010
1010001011010101110
01001000101000001
0010000001010100011010000
0100100000100011111001
011111110011111111001100000000
110001110100000111110111100
10100110110000000
1010110111101111010101001
1100011110111110111001111001
10110011111111000001
101000111101111101
1110000010010101011001111010
101011110100101
01111010111001111100011000111
000100010101001110000
001010101001101101010
1111000100010111
00111011111100010111
1000011000111000010
00100110101110001
000111000000001001101101001010
1110101101000010111000011
11111110001110110000
000001011011110100111000
0010010101001000
11001011101111111000101110
100111011110100110
01010001111110011
000111111001101000010010
1011001111001100010100011
