n = 30
m = 100
sigma =
0011010111010111100100100000
111000110011110
0101101100000110111001011
11101001000010011
10100111110111001011100
10011101000001101000110111
011111100011101101101000111
00011011100010101011111111
110100011100100100
00100010101000000101
011100000000110011101100
00000110010000000000111101
0010110110001000101110101
1100001100110011110
0001110000100110110111
0001110100010101001001011110
0111000001001011010
1010100110011001
1000101101100000110110011111
0100010110000111001
0011000111101001
10011001001011110010110001110
0100000011010011111000111110
011011001100101
01011000011111000000111001010
11011111100011011011100111111
0001001010111001100011
1110000010101001
0011110101001101
1001010101010110001111
111101110010100
1101100110100000
1100101101001111110
000110011001101000
011100001111101100110110011111
001001101100110
000011100110001000101010101111
010100101011110011
000011100100011
11001000111111001110
1011100111101000010
01101101101000101111110
0011101011010000
001101011101110
011011001100001011
011100111011011010000
01101101000010010100100001010
0000111000100110100011010
000000011101111101110001011
00001010001100100011011110001
011000010101100111110
01011111101011100
1011010101100010011111
1111000100010111111100
0100110011101101000
1111100000000010101111
00000101111001010011000
110001011011000010100010111101
000100011000100
1100010010010111110
1100101101101111
1011001001101101000100
0001111001100100110
01011101001101100101110101110
10100111010000001001
01111100000001010110
000110100100110101101111100001
1000000110010110
00001010000100001
0000101000001010011
0011001001010100110010111100
10100111001011011
1101010110110110010
1011111000000100110111111
1001011100100000101101
1001101001010101110
001010011011001110011010
1011000110111000010
1000001101111111110110
0111000110100001000000100
001010101101000101111011
01010010011000101011101
010110100100111111111011111
11010000010011000
000111001100001011
11000111110000110011100101100
101000101011000001
10011000000000001010110001
11000010110110111
1011110010110001001
010001000111100
00101111011001000101
01001110111010001011101010010
11011000111101010101010011
111101110011010011010010
0101100100010001110001011111
0100111111110111011100
010011111100111010
1111110001110101100
00010101010011011010100101101
