n = 30
m = 50
sigma =
011110111011100011001011001
1101111000000011010100001010
01110011001100001011100
1001001001001010011
010010100001110000010010111
01110111111101010
10011000001000110110
01111000100011101111100001110
01111110100010000000
1001001111001011000011101
10010011010110100110
101001101110010
1100111011101110
0011111110010010011010010
01010101010001101111111100111
001000111101111101110000100
0011100101010100001101011000
1000100100100111001
100010010010110
111000100011011110111101
011101010011010
01010001110111010100010
10000000011000111
0001111100111110011010110100
111010001101000
010101000001011010111010010010
110001010001001000001010
01111010000001100011110101
111110000110111
0111100011001010100
10110010100011000011
01110000000000000011110
0110101101111001111
01010111101011111
1101001111111000111111100
0001111111010001000111001111
10010110111000101000100
00111011010000111001
100001101011010001111
11011011101100111011
10110101101010101001110100010
1110010011101000100010001
10111111111101111111
00111011000111001
000010100110110011001
111100011000110110010
101111001000010010000100
101101111101011101010010
0100110001010001111110110011
110100011000010
