n = 30
m = 40
sigma =
01000110100001001
011110100000011
111111000111001101
100101100111010110010000100011
0111110111100011110101101001
0110100111100011
00111101001101011
010001100001110
111100001011001110010
011010010011000100110
111001011101110011
1001000111011111
100001011100100110011010111
0110010101011110101101
011010011111100
000110101110010
011100100101101
001100111011111011
101011110101011100011
1000001001010000
01011010110011011
0000000110000101
0000101001010000100001000
010001000101111100010010100101
110010000101001000011101011000
1011101011001111100011100010
10100010100111000111
001101101111011010101
101000110111011110010001
1100100111001001010011110
100101010001101
10100001000001111010110111
1100011110001101101
1110110100101100000
11000001100000010
100011011001110011100010000110
1010100000011010110011
110111000010011
00100110001011010
01000000000100001001
