n = 30
m = 90
sigma =
11101100111000010111100111
0110000001001001011101101111
11110001011101000111100010
001100111110111110010
111110000001010100011110
01111110101110010011010001
0001111011111101110
01000010000111011001000101
01110110001111110
1010001111100101110111000101
101101111100011001111100101111
011010000010010
1010111100110110
0000100010000010000
01100101111100101
1111010011101011100111010111
100111111111000011010110110
110110110001000001110010
000101011000100
0101110110100000010100100
0111110000001101001110011110
10010000001111000111010101
01010100111110011
1011111011000111010
00000111001110001000100000
11010001011001011111011001010
110000100010111101110101100001
1011100110000110101010
0101101111100101101
110000000000100000001001001101
11100101001001111001000101001
1010001100101010111110000000
01101111001101110010
10010010010100111000
00010000100001001001110
100111110010101101111100001
0000011101010000
001101001011010100100010
110110101101011
000010011111010100000010
01111000011100011111001111001
0000011111010001001101100
1011111001011100000100100001
0000111111101011011111000011
01100101111100101110001101
01001111001000111
0001011110110100101100
110001100000111001100
010100001001011110
00000111010110000011
100000111111100000111011110
101001000010100110011001
100001010100001000001
100011010000101
0001011101010111
10010010111100000001011110
0100100100001110111
11110011010011101
00010000101010110000111001
1010010010001101010001100
111110000000101001
101000101000000000111
10111100100110100
10111101001010010111110111
101111010001110110100
010001010000010011
111101010100101011110
01000101110000100100
100010110111100110011101
010001011111011100000011
0100100011011011011000
101101101100101101110110110001
1010101111111010111000
01110010001100111010
1101110010111100011
11000110001100101000101101111
000010001001100
1110110000010110001101011
111010001000010010000001101101
10110000001110100100010
0101111001100010101100000
00111001011101001
000101100000110000
111110011111110011
00111010000110110101001000
0100001111011101100000111
100001001110110110101111
0111101100110111100010101101
0110111100011110101110
00001111110110011111001
