n = 30
m = 60
sigma =
0111010110101010010010
0100100011101100010110000
1100011101001101111001111
11010000110100101111001101
011010110011110010111001011
111010011010101100001101111
0100011110000111111000101
11110010110110111
01111000001100111
110001100101100000110
001011000111010011010000111100
00011001111001001110101100000
11001110011010000100101101
11111111011111011
100100111001000110110010
010111101110111
101000110011111000010111111
100111101100000110000100110011
110001101001110111100101011100
11101101011111001101
01010001001010000110111
00110101010000010111111
0111011101010010
0000110110111110010100101
00011111101010001011111111
100100011000000010
101011111101011110101011
001011011111010011001100011101
0000101100010011
101010111011101000111110
1111101011000001010110001111
10100110001011001101111
0011001010111110
0000011111000100
110010000101010
001010100110001
01101101110010111100
0110100011001011
101100001001000100
1100000011001100100101000
10000110000111110100
1111110000000101100010
1100101100011101111
0110011000011101001000
1001010010100111011001
1101111111010000111101010
1000110010010100011011
110101110011001
010101110101110011
1101100011000000001000
0100010000110100010001000
00111011110111011
11101011111110001100001000
110110011011110111110
00000100101000010010010000
110011101101100
11101001000101000100101010111
100011101010000111
110001100101000010011
011010101011001101110000000001
