n = 30
m = 100
sigma =
000111110000100011000110010010
1011010010111001
111101010010000110100
11010000011101000
101110000001111111111101111010
010111001100110001011110001
010101111101010011111010
01100001000100101110
1000011110111111101
101011111101101
01111000111011101
100010110011101001
11010101111110101101
1010001111010000001110000110
100111111111111100101001000010
11111000011000111000101110100
111111100110101100111
0001001101100010
0001110000010001001010001
1001101011111111111001011
101010101110110100111001
000110101011101011101010
10110111101000001010000
001100111100100110010
1010010000001111111010
00101001100111110100110111010
101011110010000
001001101000011001011100101100
011111011011011100101111001
110011100100001011101
1001000000011000010010010
010001010101011
010110111010101111011011001
11001001110001101
1101001100010100100110110
1001010001101000
101100111001101001100101111010
10111000100100010
10101101000011000101010001101
11110010101010001
10001101100111010101011111
00010111011100100000000
111110110101000010111100110
0101001011000011
101110101111101101
01010010000111000
110101100001101001110101100
010111111000111110110011110001
111000011000111001001111
100001101010101011
111011110000101000
110001100111001110100101
10010010110010010011
001000110001110110000
10100011111011101000011100011
001101101110001011100110
11000110010001011010
01000110110111001010100
1100100010100110
0010111001110000
10001111010000000
001000111100000001
100010011011011
0010001110000111101011
1101001101000110011
00100010111111001000010
10111111010010101111000
0000010100110100111010111000
000111101010110011111
0110101011011001000000000
11000100011011000010011100001
1110000110010110111101011
10111001100000110011011101011
01001000010010010011001111010
01000110001001000011001
1011010100000100
1100110010100001110
00111001110010101001111
0011011111100001000011111110
0000111001010010000111100
111111100011001100101101110
00100010101100110111
111010011000001
0100001111011111111100100001
10101100101001100000110111100
00100110111000101
00010111001111111001
1111000000010011010
1101010101010000111111010
100110011110000000111010001
010101011110111110101100000110
11011001110011010
111111111000001111101111100101
10100011001100000000001101000
00100101011101100100
1111000011011001010110
101101011000000000
010010110101110001010000
011110011010010101011000000110
100000100000100010000001001
