n = 30
m = 70
sigma =
0010011011000010100100
01101001001011101010010
100100001001000111100000
111000111011010111000
110011010101011010101
11101000101001001100001
011010010100101
0110001011110001001010011
001101001100110001
011100100001101011001110
0000111001011011100100
111100101011110010101010110
0111101000111001100
0101100100000001111011111
010101101010010110001101
01101000110011010000
110000100011011
10000110010110100000101
0010000111000001100101000
10110100001101100111000
0101011100100011001111011
000000000111001010011
111111001000110011
11110011000011101
0110011001101100
11000010000101001100001011
100101101111101111111110101
100010011010110111010100100111
001111001001011100001110
00001000011111001111100
11001000111110001111
01101100010110000
100001010110011
100000111011101
10010000100001110100001001110
00000001010101100010000
1100100101010010100111
000011101001001110111010111
000100110010100001101100
10101010011110011011
00100000000110101110101000111
111010100001100010
111100000000111010001001110110
00001010110001110000011001001
1000111001110100
10110010110000000000010
010000000101100010110000
00110000111101101000010001
111001100100001000
11010000100011011110000011010
000011001001010
10010010010111011110
01010101011010100100
0000100110010110110011
11100011001111001
11000101101111101111010
011101101010000011
010011111110101000110000010
1111101110001000001110101010
111010000101010
1100111111001010011
0000101101100101100
010101101111101
00110000011001001010000
110000000000011111111110011
001101000111011111110110
101010110111010010100010
000001111010101101
0111110010111110001111101011
0011011100001001100100101
