n = 30
m = 60
sigma =
1001001001111011
011100101011001111110010101
1011000101100000
011010001111000110011
101010110110101010110001010
0110010001111100111001100100
1110000011001111101011011001
1001000010110101111000000001
01000111111010110010
1011101110010000001100000100
001010000110001101111100101
10000011011101011001011001
1111010010011001111000111
0111010010000000011011100001
0010010111110010110000001
0001000001000110001101
0001111011110000110011111
1011101010001110011101100001
011100101010110
1011100010110100
1111011010101101010
011101111101010000
100110000011011101
0000010010010100111
011010000101110110110010000
11111110011010100101100
110110010011010011011
01101000011010011100
000111000010110111011
01010000011011010001100
0011111000111101010011000101
01100101100010110111100
10010110111110010111
00001101010100001100
0111011000100111000100101001
101110101010110010
011001010110110
101001100001100101101110100
11010010101110011101101
0001010000110101
010000101010110110110000110100
101110101101010101111
01010000000110011001
001010001101010000110010
0001111100110001111
100000010010100011000
001110100001111110100
11011100001110000001101100001
111111000111100010110
111110011000001110
010000111110101000111
001100110001110100101011101001
111110011010001000110001
111101001011011
011010011001101000011
100000000100110110011
00001010101000000
10000111111111010101010
0011110110101000101
0101111010101101111101110000
