n = 30
m = 30
sigma =
010111001111000011
010111111011011000100011
000010111011101111110
0011001011010100100010110
0111111010011111101110000
00111100101000100
000000010000001
1100100110100010111001001111
011111000100100111
1100111010001001100111
11000001101111111001100
10110000000101000100100001000
11000011101001010110111
00001011101001001101100011010
011110100000100
101111111110111
01111111101010011
1101111100000101
000001011101011001
111001100011100100101101001
00000111010010101111100
1000110101110111111000011011
01111100011100110011001
000010110111111011001
010111010000011111101111010
111000000011001001
1011001001100000110101
000011110110111100111
100011010001101111
0010001011101100010000000
