n = 30
m = 80
sigma =
000110011111001
11000111111000000110001
010001111101100110001011011
110110100000111011011100000000
110010110101111111110011110
0010010110010001000111
01111000100011011010110100
00111110001111010010001001
110001100010110111100001010
011001001111011111001111011101
100111100110010
110101011010000111111100
011110111110000001110010100100
0100111100001000101011
0110100001011101001
010010011111000010110
11001001101011101100110
0000101001010100011
110110111000000110000101
111110100101011010001
00010000001110010110110111
0110011001001001101000000010
100111010111000101000001011110
11010101111010000110110101001
0011100001010101110100
000001010001110100011101101
10010010101001010100110111
11001100111011011101101111100
0111011110100001111001100011
0001100010100101010111110
0100010011100000010
0001110001010110011101
00011001000110101
01011001010111010000011101100
01110101100000011011100
111100110100010010111
00110100110100100111011011110
001000110000111
11000001111110100
1011101010101011010
011010011001010100
111100010111010111110
1011101001001011001
100001000010110
00100100011010011000
11000110001101001110101110000
1001100011000101
1111101111001001011110000010
00010010010100011
1110001001101110111010110100
0010011111100101000111
11111111101011001011
011101110000100011111
10111101010010111001001100001
1000110001000001
10110101001010100100001010000
111011010100110
111111010011010
0101010100100111101110110
110000011100100111011
00101111001100110
011100101000111000
000101001001101010001001000
1111110001010111011100
0110101000000100100000
0011001101001100001110
100101000100111
00010001100001100101111001011
111001011110000011110010
011101100000000011
101110000001001000100100
11110001010010001101111001111
1000011001101011011011
1010110001001100000000111001
0011010111110001
001110001001001110110011011000
10101100110010000001011
100011111000111
11001011100111111010011
1000110001101110
