n = 50
m = 50
sigma =
1100011011000110010110100011100001010000100
10110111101010001001010111100110110100110000010
00010111000110000011110110000110001001110010
11110010000011010101101100011000
10110001001011101110100111
11010011000111010010000111010011111001000010
10101010010111011101011110000011101101101101000
1111011000010100101110111110000000111010100010010
0001110000000011010111110100111001011
00000111011001000100000000101111101
1100001011000001101010111110100001010100
101001010110110100000110101
110100011001101010000101111001100111101
00000010100100100001111100000101110101001010101101
111010010001101101011111101110101100001011
1110001000010001110101101010
00100101001100011111101110111000010001000001010
0110111101010100010100100011110101111111101
00010000110111001111111010001
1000101011111100110111101111101000011
000010100111111101100011101110110101110001
1001000001000101000001000101101111010
11011110011010001001110000001000011000111100
10101001111110010011011111100100101101101100100
011011110010000111110010100111100000011111100111
101110000100101101101110110
001100111111000001010010001111001
00011011001111110100110100011001011011101
0011001010010010011000100101111110101001011111011
111100001111101100001111000101100100010010011
0010011010001010000100011110110
101010000001100100101000001101101010011
111011100111001010110100101101010100
01101111011011110111111011101111
1001101111001000110111111
011100101100111011000001011
01100010100000000001000111
0010100100001100101001101100
111101010010001010110110010
0111101100101010011111011100011010010010100110101
10110101111101110101000001011100011101010
1011101001000001100011101101100010110100
011101110000000101101001001000000110100111110000
011100101111011101110111000111111010011100111
10100011011110111001111011111000000110001
11011111111101011110100101011
01010010111011100110110000000100111
100001001011100100011011010100101111
010001000111010101000001001
1111111010001111010100001110110110001100001
