n = 50
m = 40
sigma =
11000000101100011011001110011100
100001100101010000001101011
0110110111000010011000100110001
110100010000000001000010011
010100000110100001110110101011
0000001101011110011001100000
1110111111110101101110011010100011100101111010000
1000101111001111101111011011100111000111011
1010000000111100101010001100011100000011
101100001010110101100111100
110111101000000101110011010100101010101101000111
001010011010101111000110111001
010100101001011101101010100010001
1000101110001011100000101011001010011001011111
000111110110110100010011100
01010100010111011100110001010000100011110001101
11001001011101001100100101101
001111011010110110001000010001111000000
11100011100110101001011000111000
000110101000110111100011111111101100
101111011101100110011010001001011111100
01000100100011010100000101101
00101000001101100100110010011100110000100111
000000001101100110100110101110001
101001000101001110100101110011100110100010010101
11101001000111000101001010000001100111101000110
11100011101011111110101100110000100001000110010
0100010111111100001011001010100010100010
1101011111011010111010100101111010000001011
0111111111111000110101010010111001101011111110
0001000100110000111011011101
011111011100100011100111001001010000110
00001011010011100110111110000111000
101010011001010010100000111011100101011
000110100000110100111011010001111000001
101110011001100101100010011100011
00011011111101000100001001011001
00100010110101100000110101
1111000000010100111111001
100010110001000111010101000
