n = 50
m = 40
sigma =
0000011111101101111000100100110010010
11010100000101010111000101011001101101110100
1110101100101110111100100
011011000110100101100110000110011011
100001110110011010110111101001
00101100000011001010001011
01101000101011100110110110010100
01011001010100111001111110110110010000100000100
110100101000101101010111000100100010100000110010
00000101010001101000000100100000100011111001101
11111001111111100110000000011100011
010000011111011110001010011011000000011
1011011110111101010100111100
01111011111011100111100101011001111111100000101010
0011110111110111110000010010101011001111010010101
110100101101111010111001111100011
001110000100010101001110000000
101010100110110101001111000100010111000111011111
000101110100001100011100001000010011
0101110001100011100000000100110110100101011110101
0100001011100001101111111000111011000010
0000101101111010011100000010010101001000111001
111011111110001011100100111
11110100110001010001111110011100
111111001101000010010110110011
100110001010001110111101110111000
10010110011110111100000001101010000
0101011100110011000010111000100100100100
10100111010010100001110000010010111001110111
111101010010011000001000110110101111000100
01110111110000111000111111010001000000011001
01111001011000011101010010011010
1010011001010011011100100110011101
1011101001111111001001001101001010101
101010001101111111100111100100
111101111101110000100100111001
10101000011010110000100010
100100111001010001001001011
01111000100011011110111101001110101001101010101000
11101110101000100100000000110001111000111110011111
