n = 50
m = 50
sigma =
10000100001101000011111000010
1101000110111000010110110111111000100000000101111
111101001010010111101110001110100001011101
111100100100000110101010010110001110100
11010111100010010000110111000101101011
0101101101000111001010010000000000001100
11001001000010000010110001101000100000010100001010
001010100011101110000010001101011110110000101
10000011110111111001000110010111111
11001010010100001101101101111101110
000011010010011000010000111000010110101110010110
01101010101010100000110100
001001001010100001011100011
01110110110001001101111101010110000010
100001111010010000001101000010011111010
0011011010101000001001101001010010001010011
01000100000111001011011001
1001101010100111101110011000111110110
110011000100001101000000000101100111111
011010010100000111111111000010
11000101010010101110111000111000101111100001110
11110101010111101010101000100010011
1110110111001011000100001110101101010011111100
11001011100110101010101010
000100100000011010101010101100010001111
0111010100100110010111101100
001010110101100010001000101110
1110011000101110001010000000010110
010100100010011111100101110101100000101100111
0010011011100010101011010010
11101000111110100011101100101
11110010000110100110010011010
11101100011000011011011011011
100101100100010010111111110001011011011
11101100110010111010011011110101100
101011001010000000100100111100010111010110110
000010111100111011111001111000110100010100110010
1100010100111011100000101011
1111100110011011010011001000
01011010001010110101010101001111011010101
11000001101011111100001001111111
1110110010001000101101000111001100110101101
01101101010010000010110010010101101011111
1011100101101101010000001000111000101100100111010
00101000001010110111111101000010011010
10101011000010100111101010
1000010000101000001001111
10010011011101111110111100000011111100
1000011000111110100101110101000010101011001001110
0010011001011110001101110110001011
