n = 50
m = 50
sigma =
00110101101111011010111001100001010000111
00000111000010001100110110110110100011100000001
110000101111101011110010011000101010
011001000110011000001010100100011010000010
1110010100101010000001101101001101101100101
011000011001001001111011111110
01010110100101000100101000100001100001100101010
001101010100000001011001110101111
1110101111110101101111110001111010001000101000001
100110101101110100010010110111
11111010011011110010101001101000011110
110011100001010110110111010000011011011
01111010101000000111100110000010
0100110111011011100110101000111100000001110111
01000101111001101011001000100101101
011101111001000101011011110100110010111
1000101101010011100101001111010111000
1001100000111001110101110001011110111
01010010001100011010010011111100101
1000111010101001011100110100000001001010
1001110000001110101010100001101001100110111011
010010011010111000100000100101
0010000100101101001001000111011110
00000010001101110100101101000001001
1111111101011110010101011
1011011010001001011011100101110100000011011110
1110100110000100010010111110100
01111101110101011000110111001010
101100100001011010011001110010101100100
111111110000111000001100000001111000000011110000
11001110111101111001100011110111101100110001101
000000111011101011111011111110
110111010001110111010001101111110010110100
10100111101100100011100100100101101011
01001001001100010011001000010001
1101011110110000101010111111000110101011
11001100010001000010100101100100000110001010
1011110101100110100110010111010
00000001111111101001101011011010010000110110011101
1100101011110001001011100
01011001000001001000110001110011010010100111000010
010111110101100011001101000111110100011111
100111010011001100110000111101100101100100110
01100110110101110111000110000
00010101100011110011110100000101011101010101001011
00110010000100010100101110111011101001111000110
101111100110001111011010101
11011000110111001010101011000100000100000111010101
1101101000110010111100010
1110111001011011111101010000
