n = 50
m = 30
sigma =
1110101000000110010001001
11101000010001010110111110001111
1111111110001000001111011110
101011101010110011101001011010
100100111010001111001101011111
101101110101011000110101101100010000011001011
001001110011010110000010000100010
10000100011010100100100110110000
00101000110001010001111111110100
0101000001101000010000101101100101000010100
00001000110011011001110011110110100110000111110
00010110101111101000000100001000110101111000001110
011111000100100011000000100000010010
0111000101001000010110000
1101000101100011010111010110000011010
1110111111110110000000000111
110001111011010001000100110010101100111
101110110000110011001010100011011010000101110011
0001010001011111011101101110000000101010110010
00111000011000101000000010100000101011101
10000101110101111110110001100110101100000
010010001110100000001001010011100111001
1011111110000000110100101000100111
010110000010101111110100011110
10110001010101011110101001000000011010001000010010
011110110011100111011010100111001100110001001
10100010110100011111101111100001010001111
00111010011101111100011110111
10110001100010001000100100101110000101
0011011100111000111010010010101111111010001
