n = 50
m = 20
sigma =
00001111110111101001110000000110010010101100100110
00011010100000111101101111
01110100011010001101111100
0001011101100010000000010000001010
0100011001110110010001111111011111
0010011100101001010111001100111110010
1100011110111110101000111010011100011000000111110
0110001010101111010010111110010000010100
11111100111100010011011000
0010100011110100001110010111101011010100
0100110001010001100111011110000100111110
0110010100110111110101110
010110110100000100110001000110001
010011010100000110100001101
00010101000011111100010011100110110001101
100011010011000111111110111101110110101110
011001000000101010010010010001100000000010100101
111111000101010000001000011110001010001000010011
101110001001111111000001100110
0100111000111001101101011
