n = 50
m = 20
sigma =
011111111100111001101011000
01110001010100000110111111001110
101110010001100010000010000100
10001111001100011101111110
1000011000111110010110001011100
111000011101011111101101100010001
00000101110111011111101001100101101010
1000101101011111101001111110
110000000111100101000100000000001
00000011110010011010001011100100111100111110001
01001110110011101000100110011
1110000011011111110011001101100000001010
01001000010001110000111010010101
0111100001011101001001101100011010
00111101000001000101111111110111001111111101
10011011011111000001010000
01011101011001111100110001
11001001011010011000001110100101011111001100011
101110111111000011011101111
10001110011001100100000101101111110110011010111010
