n = 50
m = 20
sigma =
11010010111000011110011100011101110010001010
110101110100110101101011010110000111101111111
001001101001001110110100100000101001
10110000001100100011111100010111
10110000000100110101110000100101110101
110000101110000001101010010000001100
00000110111110011111011110001100110
00111011000110111110111111000111010100
011010111011010110011100100011
0100000101111001011011111
11110111010010001010001001010011100
101111010011101100010010110110011000110000
0100010000010000101101111001111111
01101101110101101000001100101001001011001100110
1000000011100111101001011010011010010010110010010
0100000010110101111101100111110010101001101010
01110000010000111100110101
01111000001011011100111000001001001001
011111000011101000011110111000111111
1111101100010000010110111100010001100
