n = 50
m = 40
sigma =
011010110100011101000110100010
010100000101101011101001001011100010
00010010000010101011110100000011000
1111010101111100001101110011110001100101010001
1100101000110000111011100000000
00000111100011010110111100
1110010101111010111111110100111111100011
11110010001111111010001000111001111110
10110111000101000100000111011010
000111001010000110101101000111101101101110110011
10111101101011010101010011101000101111001001110100
0100010001010111111111101111111000111011000111001
0000101001101100110010111100011
00110110010110111100100001001
0001001101101111101011101010010
01001100010100011111101100110110100011
000100110101110001010010011
00000010111000110100111011010110111
1101001011101011100101110001111001001
010111000101100011000100000100000001011110
100001101100100101101000010011100011100111110100
100110110010010101010100010001000110000
01111110101100000001111101
010110101111100110101011010010100010
00100100001111011001110010000111111001
1010001011111100001011100010000110110
010111000110101101000001110100101100110011011100
000101110110101110000110101010010
001010011000000010110010110100111100000110001011
00100001001110011101110011011
1001110000110111001101100111001111111
0110001101000001001010110010001111100010010001
0000110101110001010011000100011001011110
0110111000000101110010010100
10100111101100010000001010101110
010100110101001001010101100011
0101111101011110100101100000100010111101
100011010110001101101010011010110
1010010111100001101010100100000
101111101011100111111101010010101011000010110
