n = 50
m = 30
sigma =
1101010110000001100100111
0011100010111001011001010010010111111110101011
1001110001011101111101111111000010
00100101101010010000010001100011010001001101
1101100100100000101011001000100111000000000111000
1101001100110111001011001110111101101011100110011
1001100011001001101110100000000011001
1001011110001110010001011111011111010
010100100100110011001101010010100011111110100111
1001110010000110100110011
00011011110110010111101101011100
000110001011111111101001111100111
00100000001111111011100101001011100001011110101
1001001101100001000010001001111
00000111010011101000000101
01001001101001110101000010110010110111110010101
0110100001100000000111000001000101010
1010111111011110001110101011
11110010110001001110001010110100111011000111110111
11100110100100001011100011100100010000011
000000011000100100110001000011110001100101001
001100101111001101101101111010010011
00010000000010100000101000011011001001001011100
10001111111010110111010110110110000
1011011100100111101000100011101000110000011101
001000011101000100010010100111001
1101101001110010110111111010011000
0101100111101011011011000100000111010110
011111111001110001011100100001
00111010011101100111110010101110010111100
