n = 50
m = 30
sigma =
11110100000000000110111101000000000011000000
100110100010001110111011100101011
10011100000110111101100101000
11001100110100000001110100000011110
1010100101010100101010010
11100111101101010111000001101
01100011011011010110010101010000000000000101
101110101010011001001000010001010000101100000011
11010100001100000110100000001
011101111110111100101101100000101010100
0000000101111100101101100010001100000110111010
10101110110000101110100001000110100001001001111
10000001101111110001110011011
001011001110101100100001000111011
11101111000111101011010010011010011110001100
01111010011010110010001100001110011110000101
10011100100011010010011000100110011100101110
1110011010010001110111111100001011100100110011010
110011001010101111010110100110100111
1110000001101011100100011100100101101000110
011101111101101010111101010111000110100000100
0100000010110101100110110000000011000010
1000010100101000010000100010100010
0101111100010010100101111001
000010100100001110101100011011101011001111100011
00010010100010100111000111000110110
1110110101011101000110111011110010001111
0100111001001010011110010
0101010001101110100001000001111010110111011000
1110001101101011101101001011000000110000
