n = 5
m = 100
sigma =
1101
010
01100
100
000
010
0000
101
00001
0110
100
10010
1100
1000
1111
1010
1011
0101
10110
1000
01011
111
010
111
0100
01000
11101
001
0000
111
110
100
011
0100
01000
0010
0011
0011
1011
100
1100
0110
1111
0100
1000
0101
0011
1010
1011
110
010
000
1101
110
011
11111
0011
0001
111
010
001
00111
100
11101
10011
11100
0101
1001
111
0001
1010
10000
00110
100
100
0111
100
010
010
10110
11111
00011
1011
1111
1000
0000
01111
111
0010
0111
101
110
01110
0010
1010
100
0011
0100
111
0011
