n = 5
m = 100
sigma =
1101
1011
000
1001
0010
0100
110
11010
001
01110
01100
01010
00101
1110
1101
10111
000
001
101
110
100
111
000
1000
0100
000
01010
000
10101
11011
00001
01110
0111
1101
10001
10011
101
10000
101
00100
111
100
000
100
0100
1100
1100
11101
11111
10000
001
10100
0100
100
1100
0110
000
10101
11111
100
111
0101
0001
101
101
1101
100
10000
001
10100
100
00100
0011
1011
011
10011
0110
10100
11100
11001
0001
011
100
01011
100
111
11101
11110
001
100
111
10001
1010
111
111
1000
11110
11111
110
00110
