n = 5
m = 100
sigma =
101
11111
110
1101
01011
001
0101
0110
010
00001
0010
1100
10011
0011
01011
000
100
010
010
100
00100
110
10100
0010
110
1000
000
0100
110
010
0001
1111
1101
001
100
00011
100
010
001
110
1001
100
010
10000
010
011
011
110
111
011
1011
01001
0000
1111
000
0110
0111
11010
00000
0000
10001
10101
11100
001
11010
11111
001
00100
110
00000
0000
00100
0001
1000
0100
10000
0110
00011
0100
101
0001
0101
11010
11000
00110
0011
0111
1111
110
000
000
111
1100
111
0110
0001
00010
110
01010
11001
